7:302,58,8,616,29,61,650,15,1511,301330
18:17123,32205,554,2829,1549,6641,1804,6481,245,21595392
19:5048,5145,2048,98,4600,6774,9127,13894,741
36:615,631,757,449,167,2429,2655,1603,1960,3588486
37:1262,7910,1412,103,12202,2345,710,13917,4798,21433162
41:293,326,970,1185,1288,1542,2524,2682,4537,478294
42:21,408,967,1627,1713,3807,3844,4258,3278,11622292
43:1587,543,3158,610,5746,5787,87,6001,6624,33233231
44:17,302,866,650,518,224,226,138,301
45:16456,12216,19829,22555,26924,30892,32623,33237,34277,115572265
46:302,17,654,76,616,58,8,866,84
59:22,506,2007,2008,2200,2678,1313,3646,4471,5340303
60:302,58,84,616,564,224,45,3563,650,294967
69:615,631,757,508,167,2429,2655,1603,1960,35882185
70:8,81,70,226,301,669,262,787,873
94:4194,353,6913,8579,10094,12933,7854,9584,6397,11670834
106:615,631,757,508,449,167,2429,2655,1603,3588168
115:1960,289,12360,510,1772,4497,1476,1086,1245,483444
116:301,947,45,168,429,719,353,1002,953
142:1801,8,4993,3588,61,670,1558,2181,5746,11021568
143:3231,394,483,1196,2031,564,126,16703,10043,83651568
148:302,17,654,76,616,58,8,866,84
150:17,302,564,654,61,101,15,8,84,292097
156:17,302,866,650,518,224,226,138,301
161:615,631,757,508,449,167,2429,2655,1603,19601451
171:1220,8,1535,61,76,103,2181,12886,3313,1476385
172:61,1344,101,2166,642,32,10181,66,58,51845
174:8,518,11194,3233,296,117,899,873,483,120845
177:302,17,654,76,616,58,8,866,84
196:61,358,3313,1196,364,4414,564,66,15,2241359
202:1140,15,194,302,358,245,1086,1245,402,1511211
211:500,1539,1131,1957,22,699,7624,814,3661
217:518,131,2769,1102,84,13337,656,18700,31515,74511119
220:186,13192,1342,22713,64973,39446,10178,46413,7649,156606450
223:245,650,58,616,103,1558,8,3313,364,3941405
224:4797,353,1951,518,17,245,8,84,654,6162739
225:542,61,76,564,15,654,616,302,1196,584328
228:615,631,757,508,449,167,2429,2655,1603,19602602
229:736,787,15,1086,1511,518,449,94,1405,5081690
231:302,616,32,58,654,61,76,518,84,81359
232:737,2476,6476,7258,8217,21188,28540,41798,43254,302611359
238:710,1744,441,1002,2715,1065,5287,2917,3976
241:16,702,1021,1220,1801,2063,2338,3482,3539,4993288
245:81,70,226,262,873,986,1535,780,1276
249:61,94,518,15,402,1987,17,103,654,3642955
250:518,402,245,1578,542,787,564,1405,3313,6161357
253:441,10041,245,4755,3831,5635,2583,8514,11390,12148124
257:1196,15,3101,61,285,1511,356,17,542,331365
272:654,1102,58,29,8,354,616,518,138,736486
273:1220,61,358,76,2181,4181,1476,1196,650,2602542
288:1046,1772,1220,508,902,1245,3101,61,8150,1141359
290:17,302,138,76,654,616,354,84,226,81305
291:17,518,84,1102,302,654,354,616,542,1011462
292:508,61,205,364,1511,356,289,32,58,542953
294:17,8,15,302,787,542,363,322,94,5084453
328:302,654,84,58,616,8,29,1102,354,76673
331:17,162,58,1511,2166,490,4904,542,642,1424493
345:42061,1754,337,77581,805,385,100590,16881,3250,92129493
361:616,58,8,518,650,15,787,76,29,61301
376:302,58,17,616,29,84,6,542,322,1102
384:518,1046,162,1196,4833,5607,13177,2429,15,83730
401:61,616,32,58,542,1046,15,508,114,18045857
402:654,1511,356,542,302,1086,1624,402,4181,321749
410:301,947,45,168,429,719,353,1002,953
448:835,2254,3805,3853,5078,407,179,7270,1876,3452266
449:302,17,654,76,616,58,8,866,84
450:615,631,757,449,2429,2655,1603,3588,3658,41861276
452:17,2848,866,650,518,224,226,138,301
476:70,8817,1881,1471,18944,12386,24095,25648,17,286084487
488:1801,4993,3588,1535,61,670,1558,1762,358,9621050
490:32,17,61,66,3101,1578,15,1245,302,402330
494:205,364,616,103,9311,892,9635,3730,3313,2429239
500:17,302,616,654,58,76,8,650,84,56473
514:17,301,698,866,650,518,224,226,138
525:
535:17,564,542,518,29,8,861,1102,6,61
536:650,76,542,616,32,58,1220,8,654,302182
538:58,354,1102,402,61,94,654,616,554,2895998
539:2030,15,1086,654,3101,4697,1140,94,61,4181219
564:495,3223,554,650,76,449,8,61,84,56496
582:356,32,15,616,1196,564,787,1403,84,6162
585:1668,153,3783,1196,4685,9108,331,285,15,12892131
590:4497,965,2500,88,5998,1277,29,8,899,6541119
601:18245,226,27912,48912,67228,69110,75023,90054,90819,944141119
618:542,17,616,61,787,364,138,8,301,581050
624:17,508,76,8,302,654,616,518,84,7006364
627:5512,780,11539,19731,10071,32661,311,83175,110991,3718364
628:6526,21488,39233,65861,608,75280,84119,293,326,9701476
632:301,947,45,168,429,719,353,1002,953
633:518,15,61,58,1511,1196,902,302,32,564486
634:8213,81,224,70,226,262,873,986,1535
646:2638,3761,70,8993,786,8629,25385,1155,29730,3854181
666:669,947,409,378,931,45,1187,398,353
667:302,17,654,76,616,58,8,866,84
669:1803,10493,11470,518,23454,12962,4394,39616,721,7601136
678:16,702,1021,1220,1801,2063,2338,3482,3539,82265
680:654,17,616,58,61,15,650,1511,1196,5542021
681:301,947,45,168,429,719,353,1002,953
682:301,947,45,168,429,719,353,1002,953
683:8,301,698,81,70,226,669,262,787
684:301,947,45,168,429,719,353,1002,953
715:669,947,409,378,931,45,1187,398,353
716:86,10310,356,500,5347,101,542,9215,3081,3937780
741:5953,8860,574,5235,168,1740,22033,7711,1528,24021558
750:1801,8,4993,3588,61,670,1558,1762,358,76669
754:16,702,1021,1220,1801,2063,2338,3482,3539,49931065
756:616,15,289,101,84,8,542,1196,554,8611009
757:698,2139,1119,409,378,45,2265,953,2935
758:46031,236,10849,15,70858,19354,46128,1245,76,15676669
763:17,8,15,650,84,1196,564,101,542,5181567
773:17,654,302,616,8,84,58,650,101,11023288
774:615,631,757,508,449,167,2429,1960,3588,3658774
775:15,94,542,518,2233,1511,245,58,285,7872739
782:302,17,654,76,616,58,8,866,84
784:1046,17,542,518,1196,508,114,62,787,356394
793:654,105,25590,29609,728,42335,46170,15597,12462,11685738
803:875,891,2162,245,1119,3389,12133,2789,654,651884
813:564,17,542,61,1086,650,402,285,101,11963039
815:1220,5711,3588,1535,1762,358,10135,962,76,1032868
817:1102,58,29,616,8,138,518,736,301,6506759
818:984,5480,1326,135,760,7994,5557,2103,7711,112558873
823:486,1744,873,17,2302,15,101,1340,114,14463039
825:358,114,518,101,654,29,356,58,66,4181219
833:1046,62,1804,999,1050,58,564,1578,162,11961205
835:542,616,518,15,61,1511,302,58,356,508322
838:224,669,8,262,873,947,1410,901,931
844:58,29,8,76,736,354,518,542,301,2891644
850:866,17,302,654,354,76,29,84,58,6161744
856:3653,303,162,4833,5607,13177,6943,2430,6765,30462715
857:302,15,61,861,787,32,518,101,363,402674
874:302,2848,17,654,76,616,58,8,866
891:17,361,302,654,354,29,84,58,76,6164008
899:449,2655,3588,289,4456,1086,1245,899,654,12204025
900:8209,398,4719,2447,4126,9629,16155,11623,3829,112474025
911:4320,4481,26220,43222,40,10622,358,17990,2139,24467357
918:17,245,8,518,656,58,1023,94,654,616225
925:302,8,17,654,76,616,58,866,84
926:1558,1196,2030,162,2831,1804,356,4697,302,1140802
937:1220,1801,4993,3588,1535,61,670,1558,1762,3587869
949:302,17,301,654,76,616,58,8,866
964:774,6210,65,4268,1405,1511,119,3521,2403,12623017
970:14636,2656,8,4300,9093,518,656,84,4613,20311468
977:508,449,2429,2655,4456,12360,1772,4497,245,9651140
981:710,1744,441,1002,2715,1065,5287,2917,3976
982:17,2162,875,84,302,1119,70,245,654,354564
984:17,302,866,650,518,224,226,138,301
992:207,285,1731,1074,2539,3086,624,3521,3857,17865738
993:654,84,58,616,29,354,1102,76,138,5183144
998:2655,3588,289,4456,358,245,1086,1245,899,654103
1000:1960,1772,1245,1220,430,101,554,17,3101,8150986
1007:17,29,654,554,224,1196,15,8,542,322097
1027:301,947,45,168,429,719,353,1002,953
1028:17,302,616,58,518,29,6,15,542,354669
1044:302,17,654,76,616,58,8,866,84
1045:17,542,61,58,518,564,8,1511,6,3641693
1049:
1068:
1069:16,702,1021,1220,1801,2063,3482,3539,8,49935567
1070:508,2429,2655,1603,238,5367,5542,86,510,12625642
1082:508,2429,2655,1603,238,5367,2076,5542,86,510827
1083:2027,3888,2233,13829,2029,21899,10402,394,3278,610827
1088:1405,422,17,2076,61,5413,303,8,2193,581208
1094:285,61,58,114,5117,2030,32,322,1405,15113841
1116:285,3521,1786,97,714,1287,1002,245,375,11720559
1121:17,1578,654,1348,616,289,1140,29,568,1086559
1125:302,17,654,76,616,58,8,866,84
1127:534,1818,3695,1389,7210,2480,8458,2543,8904,918970
1132:17,302,654,58,787,15,650,32,542,5642326
1133:615,631,757,508,449,167,2429,2655,1603,1960285
1140:61,2181,564,66,15,1511,542,736,1245,21664025
1141:12955,5512,21695,9950,7468,14259,5975,17,1119,8664025
1148:
1153:1578,902,62,4904,58,16675,564,542,2901,1046891
1163:17,2848,866,650,518,224,226,138,301
1166:5699,5119,103,2980,4422,131,518,12202,1405,17081099
1172:285,1731,1074,2539,3086,624,3521,3857,1786,39845287
1192:1086,1245,29,1509,554,17,61,650,2181,3567407
1204:17,616,654,302,58,61,15,542,29,61511
1208:58,616,302,654,17,15,29,190,285,611551
1209:7235,301,2139,2140,899,840,224,749,226,17546
1234:301,17,947,45,168,429,719,353,1002
1236:32,29,654,354,58,84,76,931,855,476141871
1245:1187,302,654,84,8,518,58,891,245,2243039
1263:1086,356,302,861,58,650,1624,1196,1220,508518
1267:23688,13293,5928,9711,23534,1204,41831,114483,1200,169262937
1269:4755,1352,5287,1527,2880,189,4825,1712,10041
1288:1017,1219,67016,692,654,398,32,4578,63750,17356
1295:615,631,757,508,449,2429,2655,1603,1960,35881595
1296:17,654,58,650,29,84,76,8,564,5422512
1302:17,542,302,101,15,238,654,1578,616,194899
1305:302,84,322,8,285,15,542,17,58,611951
1342:17,84,518,302,616,654,58,1102,101,650709
1382:615,631,757,508,449,167,2429,2655,1603,1960331
1389:75115,61636,40853,1305,4245,2455,30727,44085,11843,7807331
1391:26376,32,1133,6675,1624,1555,6968,3631,985,10686331
1397:81,70,226,262,873,986,1535,780,1276
1402:616,302,58,1511,650,61,32,518,289,1196296
1405:24722,96890,92558,4697,17,8,866,650,518
1407:17,302,542,616,518,58,486,654,787,61296
1408:17,518,302,654,616,245,354,542,787,564500
1409:616,354,8,61,15,508,787,285,101,5644702
1412:302,58,84,17,1762,301,564,654,1102,764702
1413:615,631,757,508,167,2429,2655,1603,1960,35883235
1418:554,61,32,4414,15,364,650,94,285,37301231
1419:4755,1352,5287,1527,2880,189,4825,1712,10041
1420:518,616,354,302,654,245,58,564,736,151709
1427:615,631,757,167,2429,2655,1603,3588,3658,418673
1430:654,58,17,542,1196,15,8,518,302,36481
1431:58,654,616,84,518,15,8,542,554,86173
1435:61,402,564,1086,1578,302,58,616,364,5084364
1437:1535,103,698,363,245,58,624,302,542,78061
1441:
1447:22,506,2007,2008,2200,2678,1313,3646,4471,4848441
1448:
1457:302,17,654,76,616,58,8,866,84
1458:302,17,654,76,616,58,8,866,84
1469:364,564,61,58,1050,542,32,616,302,1013235
1477:245,654,103,94,2233,787,518,17,15,32265
1486:301,698,17,947,45,168,429,719,353
1490:3233,1631,2246,4045,254,1190,17,4967,563,288780
1491:58,616,654,302,542,650,15,84,6,861295
1500:615,631,757,449,2429,2655,1960,3588,3658,41861509
1503:58,654,8,616,542,508,554,1511,650,7871410
1517:301,669,947,1276,225,2955,1539,385,1402
1518:9093,7315,7667,84,2880,72675,39096,8,2656,147134813
1535:302,17,654,76,616,58,8,866,84
1551:616,650,518,542,61,15,554,1196,32,86
1552:301,8,669,947,1276,225,2955,1539,385
1553:302,17,654,76,616,58,8,866,84
1559:302,654,29,650,62,356,3101,1140,322,2383841
1560:3521,774,3476,1125,103,1262,3233,1511,9572,26585604
1561:302,17,654,76,616,58,8,866,84
1562:15,1102,1196,162,542,654,787,32,1550,8837
1569:81,70,226,262,873,986,1535,780,1276
1570:17,302,866,650,518,224,226,138,301
1588:84,10092,301,947,899,1187,155,46420,80185,912082326
1589:17,302,866,650,518,224,226,138,301
1591:736,224,378,1539,3704,718,6503,699,7006
1601:302,17,654,76,616,58,8,866,84
1602:302,17,654,76,616,58,8,866,84
1629:518,61,15,17,1196,902,616,94,654,1511330
1634:698,2139,1119,409,378,45,2265,953,2935
1642:542,32,94,114,58,1511,787,654,1403,2452953
1653:17,542,616,58,1511,62,61,564,101,1403
1654:11035,322,2687,353,364,7317,194,62,32,3561140
1655:654,542,15,8,787,1196,650,94,354,49041499
1668:1021,2338,3539,5182,5176,1558,9592,1181,358,76521
1681:408,1162,4497,6577,2115,5413,13498,16210,2583,88917
1703:654,6,65,12133,131,1987,363,5701,8150,2242266
1721:34700,4697,1126,327,119,4005,15,289,398,3022266
1727:2947,301,1044,5182,3223,2158,3855,225,946,5407888
1728:302,58,84,616,354,1102,15,8,322,612868
1745:245,17,61,131,616,518,32,8,94,63250
1746:616,58,17,1200,787,3101,2181,1050,542,13321348
1751:302,17,654,76,616,58,8,866,84
1756:3421,2113,6104,15640,11183,16416,37498,1733,8956,81475
1758:1196,17,542,518,302,508,245,15,58,61780
1761:
1767:518,616,94,787,15,245,58,8,32,1511669
1779:8635,37843,1674,17395,67185,86913,93097,93631,103533,65741669
1780:13960,9354,10404,731,48208,140,10503,72271,32648,88524385
1783:1324,2009,6174,6541,2200,12751,15391,915,2903,2470370
1787:1220,1801,4993,3588,1535,61,670,1558,1762,35870
1788:81,70,226,262,873,986,1535,780,1276
1794:17,616,15,564,654,32,245,518,402,363673
1796:15,61,32,542,245,654,1196,364,1140,8611749
1803:654,17,616,542,518,302,1511,15,58,508347
1820:4755,1352,5287,1527,2880,189,4825,1712,10041
1821:1405,5117,2955,94,364,518,1987,564,61,23021790
1822:17,302,245,654,616,58,402,1511,61,11961023
1823:17,542,15,61,1511,554,84,94,508,1141102
1840:902,61,2166,1804,564,542,1046,162,508,402749
1841:301,947,45,168,429,719,353,1002,953
1842:17,58,616,542,302,8,84,564,61,5181822
1850:16603,8232,21024,1499,29891,26344,866,3234,44448,6232
1853:22,506,2007,2008,2200,2678,2698,1313,3646,4848999
1854:1245,114,364,356,32,17,1050,564,542,194463
1862:302,669,17,654,76,616,58,8,866
1880:17,2162,302,84,875,654,1119,354,245,73640
1883:615,631,757,449,167,2655,1603,1960,3588,3658500
1890:17,302,866,650,518,224,226,138,301
1891:17,302,654,58,29,162,1239,486,15,616533
1893:201,559,162,15,902,1245,29,61,1549,1142140
1894:17,302,866,650,518,224,226,138,301
1911:669,947,409,378,931,45,1187,398,353
1912:17,302,518,616,289,654,224,650,564,508726
1913:616,17,58,861,302,1196,518,654,32,5425998
1930:2548,840,8069,157,5048,3196,197,10541,5111
1932:9354,17,1696,5048,8454,8908,18953,4717,24848
1950:1220,1801,4993,3588,61,670,358,962,103,21813233
1951:2121,1360,17,564,542,616,1287,654,1405,9313233
1952:17,15,616,1196,3101,542,61,564,787,2857006
2005:1046,61,114,364,1804,32,1050,564,542,518535
2017:17,302,866,650,518,224,226,138,301
2025:236,17,10075,776,6766,8861,364,4203,238,11621986
2030:81,302,70,226,262,873,986,1535,780
2034:224,8,262,873,947,1410,901,931,669
2038:2338,8,103,122,650,4414,2030,285,363,622953
2046:8,3704,6503,9289,189,7680,3172,3737,5048
2058:12597,17944,93408,121818,48197,88234,43327,17,302
2068:302,17,654,76,616,58,8,866,84
2070:3421,2113,6104,13580,15640,11183,16416,37498,8956,84952
2071:302,17,654,76,616,58,8,866,84
2072:6,654,518,2162,1405,29,94,15,138,354361
2074:669,17,947,409,378,931,45,1187,398
2075:17,302,866,650,518,224,226,138,301
2076:302,17,654,76,616,58,8,866,84
2077:124,1152,194,17,358,3429,1578,654,15,17905084
2080:17,15,58,542,289,363,518,1509,1196,292464
2085:8054,9755,103,16852,1578,1790,11720,26067,1276,81231
2097:285,11,714,1287,4802,45,873,245,774,3736220
2112:94,564,654,4414,899,17,1410,674,245,146238
2115:302,17,654,76,616,58,8,866,84
2116:17,302,866,650,518,224,226,138,301
2123:17,654,58,616,518,8,1102,138,94,293158
2135:17,15,564,32,1126,542,62,8,245,4025542
2141:224,81,262,873,947,1410,901,931,669
2147:12673,6614,728,42335,12462,23833,6059,35619,109031,17030364
2154:301,947,45,168,429,719,353,1002,953
2160:17,650,2655,554,892,861,363,15,1196,302535
2162:5480,574,2103,7994,661,14662,13567,719,21031,9783348
2170:61,17,58,564,62,542,1804,15,302,289409
2177:17,224,302,29,162,459,44,616,378,650409
2184:616,542,1403,449,58,363,356,114,94,3221030
2185:302,17,654,76,616,58,8,866,84
2187:2548,840,8069,157,5048,3196,197,10541,5111
2211:
2223:17,76,81,70,616,58,8,226,654,564303
2243:302,710,17,654,76,616,58,8,866
2244:508,32,17,61,356,542,1046,787,564,19601644
2247:3249,1405,861,1245,302,1276,62,542,114,356902
2250:301,500,947,45,168,429,719,353,1002
2253:81,70,226,262,873,986,1535,780,1276
2260:301,947,45,168,429,719,353,1002,953
2261:61,999,542,1046,1196,902,402,114,62,321508
2262:
2290:302,17,654,76,616,58,8,866,84
2291:1196,17,542,32,616,564,15,363,1403,153540
2293:302,17,654,76,616,58,8,866,84
2301:224,262,873,947,1410,901,931,669,780
2302:16229,245,39395,774,1524,33882,353,8398,17,630842059
2304:661,7994,2103,2833,5480,11859,7711,1326,4873,14226656
2318:615,631,757,449,167,2429,2655,3588,3658,41861804
2325:8,84,302,616,654,58,1102,101,354,2891549
2335:16,702,1021,1220,1801,2063,2338,3482,3539,8962
2343:8,302,81,70,226,301,669,262,787
2346:17,70,616,76,302,654,58,81,138,84285
2347:81,301,70,226,262,873,986,1535,780
2348:16,702,1021,1220,1801,2063,2338,3482,3539,881
2362:301,669,947,1276,225,2955,1539,385,1402
2363:302,542,84,94,76,101,17,616,61,151555
2364:302,616,29,84,650,8,76,354,518,151403
2369:616,17,24211,4126,45,58,268,238,654,3021187
2373:17,84,616,302,654,58,1102,76,101,564946
2381:702,1220,3539,8,5182,5711,1535,61,76,1034194
2382:302,8,17,654,76,616,58,866,84
2384:17,2162,875,84,1119,302,245,2935,654,9471050
2385:17,616,58,302,29,861,32,61,15,5641357
2392:
2393:624,11,1287,826,931,9057,81,1099,114,7217296
2394:302,17,654,76,616,58,8,866,84
2395:61,1200,1140,356,650,483,32,15,530,5082464
2399:
2405:364,2831,17,62,162,101,58,1046,1050,5424697
2407:302,17,654,76,616,58,8,866,84
2408:17,8,866,650,518,224,226,138,301
2419:58,8,654,568,302,616,17,2193,861,761136
2429:
2447:29,84,76,8,354,1102,542,518,289,63158
2452:301,669,947,1276,225,2955,1539,385,1402
2453:23740,29657,71417,2908,1231,16642,1573,22999,27858,121283158
2454:
2456:17,58,616,76,29,84,542,650,8,5181069
2461:162,902,3101,29,61,114,62,205,1344,1011305
2464:518,654,787,8,616,650,58,301,94,354
2465:58,616,15,518,101,289,32,564,84,761405
2469:61,402,245,103,1405,542,518,1511,1126,6164414
2489:168,719,984,1326,8860,5738,1528,1400,801,548032
2491:8,81,70,226,301,669,262,787,873
2499:1097,182,650,73474,62,598,302,5670,58941,5832
2500:17,302,866,650,518,224,226,138,301
2501:17,947,931,1382,327,1405,131,8,119,8736545
2505:61,76,103,3313,1196,5985,364,205,564,22661009
2510:30139,30152,40898,17,23902,3650,3683,4187,6445,5911009
2515:17,698,866,650,518,224,226,138,301
2518:40,15084,18875,10163,39464,40813,866,48560,50964,102543088
2520:1046,1196,902,114,62,616,1804,32,17,7143757
2521:615,631,757,508,449,167,2429,2655,1603,19601822
2524:302,17,654,58,616,84,650,8,354,1102225
2536:1086,1245,1509,101,1405,32,2166,10181,17,31011685
2541:61,32,787,15,564,518,654,58,1196,245633
2547:650,58,787,302,8,62,15,17,654,12451359
2553:1091,3509,5048,7457,4547,17974,24848,26191,16881
2558:301,947,45,168,429,719,353,1002,953
2560:1196,508,8150,62,787,616,285,364,1511,2166392
2563:902,62,58,564,1578,15,1086,1804,302,999131
2573:58,1405,1511,508,1509,62,1086,787,289,2181899
2591:616,58,654,285,302,542,17,861,8,2382429
2596:578,147,18851,9906,10121,5343,7477,31938,6868,25354755
2597:81,70,226,262,873,986,1535,780,1276
2601:
2604:12332,8167,367,582,4575,14841,349,354,45797,3054356
2611:3704,678,1348,654,542,859,245,3233,2022,5515567
2612:1046,902,62,101,1804,17,999,2831,1050,582030
2615:32,518,61,542,402,1511,1578,1332,364,1141509
2625:
2626:356,616,364,518,101,302,94,554,1196,564116
2634:25082,2445,42194,15437,6514,18477,77334,970,3439,587784181
2636:654,616,58,542,861,787,650,15,84,101295
2639:17,302,616,654,508,8,518,70,84,1023226
2650:224,262,873,947,1410,901,931,669,780
2661:3329,13485,19039,20665,1245,33790,1099,960,1471,5175984
2663:17,84,302,8,736,654,518,245,616,58138
2666:302,17,654,76,616,58,8,866,84
2676:4228,4864,12821,18386,26871,29914,55674,2252,668,53682021
2689:962,381,1196,650,363,1511,542,1403,3736,5182268
2693:302,8,17,654,76,616,58,866,84
2708:17,302,866,650,518,224,226,138,301
2709:1370,4194,4268,353,6913,8579,10094,12933,13070,78541475
2713:1196,364,1511,564,542,654,8,402,787,22335567
2715:301,947,45,168,429,719,353,1002,953
2716:
2727:285,15,3304,1066,7989,4364,14546,3,29,4951624
2730:302,17,654,76,616,58,8,866,84
2731:616,84,650,29,1196,76,15,542,564,5181348
2734:564,76,736,1069,518,17,4017,616,698,9471348
2735:1712,4568,12990,8848,1923,1099,5450,3107,52721,267496901
2737:
2745:518,61,1987,32,1126,245,15,2955,2980,295481
2746:698,2139,1119,409,378,45,2265,953,2935
2748:698,2139,1119,409,378,45,2265,953,2935
2756:616,302,564,58,650,654,8,114,15,11962739
2760:29,84,542,76,650,861,15,8,289,3011568
2776:5287,301,3142,1595,5048,848,3003,11008,2593
2799:8,245,766,559,1039,229,546,13471,61,31596901
2802:79262,4026,1684,27450,2050,29104,33043,38901,42271,209726901
2803:2074,88529,2595,11718,347,670,14237,19829,94755,335726901
2804:17,302,654,650,616,58,224,84,354,5425998
2805:1099,496,81,931,542,2121,1039,17,3014,155998
2812:302,654,61,787,650,94,8,32,542,5083213
2815:301,947,45,168,429,719,353,1002,953
2827:18851,8964,17390,4619,7059,2428,13510,62155,27711,649821359
2831:654,58,84,564,8,76,15,518,542,291772
2846:542,61,616,518,103,32,162,245,654,9021749
2848:616,17,654,861,554,15,650,61,285,2895542
2853:18850,83814,68624,5738,11243,15971,827,12631,4444,137355542
2854:875,6450,4420,496,245,35144,70,2162,908,42572032
2857:1066,1287,5429,239,9308,654,12123,2499,23566,770097
2858:17,15,542,101,61,363,787,289,364,32296
2861:669,947,409,378,931,45,1187,398,353
2871:224,262,873,947,1410,901,931,669,780
2907:654,8,302,84,58,61,15,322,650,6162168
2912:8,301,81,70,226,669,262,787,873
2914:32,61,542,17,1578,58,302,245,62,65486
2924:301,947,45,168,429,719,353,1002,953
2925:8,698,81,70,226,301,669,262,787
2947:2741,24301,66050,66993,18970,46125,8643,9417,15751,17807378
2951:62,30839,17,6,483,224,616,302,654,1069486
2959:302,17,654,76,616,58,8,866,84
2960:654,131,518,230,542,3233,32,1382,289,1126984
2963:32,17,364,1403,1511,564,787,61,356,58358
2965:
2967:207,285,1731,1074,2539,3086,624,3521,3857,39841690
2970:616,17,302,1196,58,8,654,6,62,518674
2977:17,302,654,616,58,8,542,518,84,291451
2981:101,32,554,542,861,1511,650,94,1403,108673
2989:1535,61,2181,4181,1196,364,564,542,736,7194787
2990:17,669,866,650,518,224,226,138,301
3002:
3004:301,947,45,168,429,719,353,1002,953
3011:11851,2807,44919,115356,52389,82143,20589,61169,117218,1205111804
3013:669,947,409,378,931,45,1187,398,353
3037:
3038:247,16016,37869,69606,50306,10804,32356,70543,3968,11556749
3044:616,302,542,518,58,8,554,654,508,6502848
3070:698,2139,1119,409,378,45,2265,953,2935
3081:
3100:302,616,8,542,84,518,101,29,76,154542
3102:301,947,45,168,429,719,353,1002,953
3105:15,654,17,103,62,902,4268,8,58,1305472
3107:138,1155,1217,2157,3463,3477,4003,3873,3965,4664656
3110:16763,76,931,4021,40850,16359,81,13039,35716,29671462
3111:302,17,654,76,616,58,8,866,84
3113:42785,13832,20323,29493,28163,39135,19885,44345,354,70833899
3121:8,564,542,787,101,15,322,32,861,6167
3125:17,616,654,302,58,70,542,289,94,7874249
3126:
3129:302,17,654,76,616,58,8,866,84
3139:17,361,302,654,354,29,84,58,76,6162955
3144:1326,5480,463,984,8860,1230,574,2582,1081,79942583
3152:302,17,654,76,616,58,8,866,84
3166:500,5287,1539,1131,1957,22,699,7624,814
3167:17,866,650,518,224,226,138,301,361
3169:302,17,654,76,616,58,8,866,84
3170:17,616,302,8,654,58,76,564,518,65022
3172:103,236,17,616,564,62,650,363,4919,54222
3176:58,650,15,3563,1535,1245,62,285,3101,1086356
3183:302,17,698,654,76,616,58,8,866
3184:301,8,947,45,168,429,719,353,1002
3193:1509,2831,3101,61,364,1804,1050,356,62,134481
3195:17,8,616,84,518,654,1119,245,301,302508
3220:616,84,1102,650,138,76,8,736,518,62944
3229:542,285,302,1535,780,518,616,1690,654,430
3234:1102,518,114,1762,15507,70,813,2193,295,1342780
3237:301,669,947,45,168,429,719,353,1002
3238:302,500,698,17,654,76,616,58,8
3239:17,58,616,29,84,8,76,1102,650,5184996
3246:669,947,409,378,931,45,1187,398,353
3258:787,58,542,554,15,8,508,61,364,324194
3263:32,616,289,17,285,518,1196,61,15,58624
3264:301,947,45,168,429,719,353,1002,953
3277:168,76,719,10267,1400,574,698,7711,5480,463813
3279:4372,2626,714,1287,223,375,254,3736,1099,14512068
3295:17,76,81,70,8,616,58,2139,226,654303
3305:301,947,45,168,429,719,353,1002,953
3306:698,2139,1119,409,378,45,2265,953,2935
3308:17,554,62,902,388,58,511,542,616,5643233
3309:205,2166,616,2429,1509,302,564,2831,289,7871603
3319:5287,3142,1595,5048,848,3003,11008,2593,3756
3320:2548,3196,10541,197,5111,7160,4755,8069,14793,171444
3328:616,58,542,564,84,76,518,554,8,324328
3329:81,70,226,262,873,986,1535,780,1276
3335:58,61,654,616,542,861,15,364,402,5181957
3346:61,2233,2302,5117,472,245,103,1987,774,338391595
3352:2311,162,96,101,542,2512,3233,17,616,322952
3353:16624,15727,11588,16385,108422,552,27811,32772,52322,101583484
3360:3730,86,101,1804,155,1558,356,888,6527,5646011
3374:302,698,17,654,76,616,58,8,866
3376:17,262,508,616,780,140,363,94,564,6541444
3383:17,70,138,654,302,354,84,58,29,616500
3386:14336,5415,2235,20850,31250,2708,4203,358,8442,10682385
3411:10749,28266,29221,24662,30331,9536,2077,32607,4664,39551951
3412:669,224,8,301,947,409,378,931,45
3413:3093,1370,1752,4798,4364,5230,1511,9172,19353,4961446
3416:4755,1352,2880,10041,189,4568,3107,3172,1527,19231208
3419:564,194,902,1405,29,1509,353,62,15,10501089
3421:449,7465,3730,483,245,1277,84,2901,7407,4021344
3423:17,616,8,302,58,654,76,564,518,650952
3426:17,58,616,654,542,302,15,861,564,321578
3428:89,154,201,788,1126,1139,1651,1858,1904,2059470
3429:654,302,542,564,650,554,518,94,787,11964372
3431:698,2139,1119,409,378,45,2265,953,2935
3432:17,302,654,616,564,58,650,8,84,7362548
3450:698,17,2139,1119,409,378,45,2265,953
3453:301,947,45,168,429,719,353,1002,953
3475:17,4268,2955,245,76,2030,542,61,2233,3021568
3478:15,650,1196,61,289,363,1403,84,787,4021475
3479:3787,22719,52378,44407,70182,78698,26541,25314,101799,726997407
3480:268,4181,4223,5928,5313,2770,3223,560,14437,41132618
3490:508,449,167,1960,289,5542,401,86,1772,7231490
3500:17,302,866,650,518,224,226,138,301
3514:84,616,15,32,61,542,787,8,162,3022715
3529:
3546:17,302,866,650,518,224,226,138,301
3547:302,654,616,84,29,8,518,15,76,542861
3551:
3557:168,719,984,8733,5480,5488,7838,2642,135,88604181
3572:
3579:17,616,58,8,29,354,518,101,650,152935
3580:8213,81,224,70,226,262,873,986,1535
3593:4993,6855,61,1181,12217,76,103,2181,12445,33131205
3599:17,866,650,518,224,226,138,301,361
3609:94,302,564,61,17,58,1196,245,356,11401568
3610:8,17,616,1102,1535,76,542,508,61,943234
3613:5048,5145,2048,98,4600,6774,9127,13894,741
3628:17,542,302,616,650,8,103,787,76,582733
3656:542,162,859,654,616,58,1140,17,999,5541405
3657:17,564,58,554,616,101,15,32,1804,61530
3663:58,542,564,32,1046,3101,62,787,1804,363301
3674:61,58,542,518,1578,508,62,1804,32,6901960
3684:698,2139,1119,409,378,45,2265,953,2935
3685:8,81,70,226,301,669,262,787,873
3686:8,3704,6503,9289,189,7680,3172,3737,5048
3692:654,17,302,616,101,84,29,289,285,61220
3694:650,14892,1287,302,1109,364,1558,564,10369,3941693
3701:302,58,654,616,564,8,101,354,518,763233
3702:554,901,17,3292,518,394,4171,13918,3968,23423233
3717:17,61,542,285,1511,15,402,787,564,33133213
3721:616,58,654,84,861,650,61,542,32,1102891
3728:29384,53016,56414,74038,12216,22555,79096,14651,4427,449963231
3735:1046,15,902,114,101,1511,2166,642,356,289483
3736:363,8,654,302,616,32,131,15,61,84392
3737:302,654,616,58,84,8,29,650,1102,5181402
3751:17,616,58,654,542,861,76,554,8,15239
3752:17,302,58,616,29,84,354,76,1102,85767
3800:656,1119,15507,754,8398,962,61,1102,542,2030470
3811:669,947,409,378,931,45,1187,398,353
3820:17,58,616,8,354,101,650,15,285,322358
3840:654,1102,58,354,616,8,138,650,518,76301
3846:4228,4864,18386,668,26871,29914,55674,5368,2252,1626011
3849:58,616,8,138,518,650,736,94,866,76719
3850:654,58,616,518,29,354,736,289,138,761535
3857:3539,138,673,301,616,15,3256,891,1023,4958213
3859:1897,153,4169,4507,5651,7676,490,8259,8457,91461050
3862:17,787,542,518,84,554,654,8,616,61441
3888:710,1744,441,1002,2715,1065,5287,2917,3976
3911:1897,153,4169,4507,5651,7676,490,8259,8457,9146354
3921:81,70,226,262,873,986,1535,780,1276
3929:16,702,1021,1220,1801,2063,2338,3482,3539,8140
3930:535,555,1344,2310,3237,4300,5165,5567,3142,62072469
3934:224,5048,262,873,947,1410,901,931,669
3947:245,1023,518,1511,61,616,1405,1987,32,14712944
3950:302,61,654,564,84,32,15,289,861,162925
3962:17,1196,15,285,302,4456,1086,8,654,15115567
3974:669,947,409,378,931,45,1187,398,353
3975:542,58,17,29,3101,302,194,654,1511,615998
3988:81,70,226,262,873,986,1535,780,1276
4001:
4006:17,616,302,654,15,542,32,58,61,843142
4007:224,262,873,947,1410,901,931,669,780
4008:17,654,76,1023,508,302,84,138,650,321749
4009:114,1752,542,188,1744,1987,1405,1126,3292,1046103
4028:81,262,5767,8283,780,2241,8588,16286,7211,8511103
4031:1960,4505,364,26841,780,1119,4257,19522,10028,66241468
4035:17,3207,8,518,2403,2714,1827,774,654,3021578
4053:449,167,2655,1603,1960,238,220,289,1896,44562469
4064:650,364,2831,542,1245,8150,101,690,3101,495303
4067:285,624,3521,3966,2626,97,714,4802,245,1208114
4068:302,17,654,76,616,58,8,866,84
4069:32,94,15,363,245,650,518,542,1403,2233483
4075:
4076:25271,76,87178,347,225,698,30861,46579,65579,57381180
4084:654,861,17,84,61,8,29,15,1102,554591
4091:15,224,1245,356,1511,29,302,58,787,6164880
4098:6456,2485,15228,4864,11166,37149,14657,9862,2252,2764880
4103:302,654,58,84,616,76,8,29,1102,5181382
4104:616,654,302,542,58,8,518,76,15,61230
4124:301,947,45,168,429,719,353,1002,953
4132:1196,15,8,61,114,787,616,285,1511,171126
4134:669,947,409,378,931,45,1187,398,353
4138:262,495,2789,3505,654,5337,6,4592,6992,71733711
4140:301,947,45,168,429,719,353,1002,953
4149:
4158:301,947,45,168,429,719,353,1002,953
4164:851,919,1217,3093,3133,1370,814,4156,1752,6509947
4167:131,65,3250,9080,656,710,364,1471,518,94182
4171:8,302,3704,6503,9289,189,7680,3172,3737
4177:302,17,654,76,616,58,8,866,84
4179:302,17,654,76,616,58,8,866,84
4184:205,2166,364,103,9635,3313,1509,4456,2953,564559
4190:302,17,654,76,616,58,8,866,84
4209:1164,38904,866,45182,61418,361,1326,19715,1223,327891140
4210:302,58,15,32,29,654,1196,224,1403,3563017
4211:669,5048,947,409,378,931,45,1187,398
4213:1046,902,61,787,289,32,564,542,736,157822
4223:
4237:226,736,70,209,902,1405,387,508,81,67592302
4242:32,302,564,449,2429,1245,654,402,17,15784880
4248:669,500,947,409,378,931,45,1187,398
4249:301,947,45,168,429,719,353,1002,953
4265:17,302,654,58,29,616,84,239,1102,82464
4269:616,17,58,15,518,787,564,1535,101,84422
4273:654,616,302,58,76,542,8,70,84,301780
4275:17,654,616,58,8,508,32,84,542,151030
4277:449,2429,490,564,194,902,1332,780,2500,123894813
4281:518,1046,162,4833,5607,13177,2429,15,8,17721276
4301:302,17,654,76,616,58,8,866,84
4303:616,17,302,654,58,15,518,1196,650,61866
4304:302,15,84,32,101,542,245,650,8,554342
4344:364,654,564,542,58,15,245,285,999,321382
4353:2480,4647,32,5512,119,1468,2193,2200,101,13959901
4357:17,616,302,58,564,32,518,15,61,5423231
4365:662,2402,2634,2833,3721,4792,3379,236,298,893358
4371:8,508,245,8243,10522,11625,3798,1815,23646,27258490
4372:70,302,76,616,8,84,650,1535,354,3011405
4399:2429,2655,1960,289,4456,12360,510,1772,4497,2453039
4400:201,518,559,1046,624,4025,162,1196,4833,151140
4407:409,285,508,58,1578,32,787,15,1511,925230
4424:17,302,866,650,518,224,226,138,301
4426:224,5287,301,262,873,947,1410,901,931
4436:616,2955,17,736,8,94,245,2302,508,25487006
4453:224,736,4755,262,873,947,1410,901,931
4457:103,8,61,20195,230,2302,245,131,1631,11261152
4458:17,616,542,364,58,245,564,61,518,82139
4466:17,285,363,84,542,15,94,61,518,761326
4469:1220,61,2181,650,364,11160,3144,714,564,7481644
4482:302,58,1086,356,245,17,1511,94,61,224650
4507:84,654,302,616,518,1102,58,564,354,3011239
4514:698,302,2139,1119,409,378,45,2265,953
4517:302,58,616,1102,354,518,29,138,650,564103
4519:18722,49928,359,302,55480,1239,17,1405,25208,1994103
4522:669,947,409,378,931,45,1187,398,353
4530:508,449,167,2429,2655,1603,1960,238,220,2892268
4537:17,616,8,542,861,84,302,364,1403,10173
4543:17,698,866,650,518,224,226,138,301
4562:17,616,654,32,650,245,8,15,736,5642121
4578:17,29,84,650,8,76,518,1102,542,6610
4588:17,302,616,76,518,564,861,8,58,101285
4618:1514,3280,6459,7479,306,8658,7869,14292,103,120292266
4633:224,947,262,873,1410,901,931,669,780
4637:224,5287,301,262,873,947,1410,901,931
4640:15,554,101,58,564,245,76,29,32,941744
4641:4755,1352,5287,1527,2880,189,4825,1712,10041
4642:17,302,866,650,518,224,226,138,301
4651:279,2430,861,8665,859,54,15,61,162,1475535
4665:245,15,542,101,289,518,449,94,616,2193533
4666:224,301,947,262,873,1410,901,931,669
4682:698,2139,1119,409,378,45,2265,953,2935
4687:302,58,616,29,84,1102,8,518,354,153704
4692:84,61,11,486,999,542,8,2495,167,153704
4696:302,17,654,76,616,58,8,866,84
4702:301,669,947,1276,225,2955,1539,385,1402
4730:302,518,58,616,654,363,15,84,508,3642162
4736:320,295,1770,2800,3292,1820,343,3866,4699,51424187
4745:17,1086,1245,4181,1405,32,518,364,542,623484
4749:17,302,866,650,518,224,226,138,301
4751:
4760:17,76,361,302,866,654,2139,58,616,841476
4762:542,17,58,616,654,302,518,61,32,11961825
4767:301,698,947,45,168,429,719,353,1002
4774:238,1578,616,58,564,32,73,61,4414,11961444
4779:18056,18851,4619,8543,813,45562,11966,17432,5882,41340901
4788:302,654,58,616,518,1102,29,650,301,101559
4789:
4794:26541,42608,27781,70182,14628,30734,3787,45041,16616,25314219
4796:
4797:508,1960,1772,2602,2500,1086,1245,8056,1231,74071499
4802:29,654,15,542,616,65,1511,94,902,81444
4816:1382,122,17876,1267,696,114,1140,10455,6281,6161509
4831:654,58,616,84,29,1102,8,354,650,76674
4834:1370,1626,1927,2019,2198,2420,2769,3567,4194,5174331
4852:16352,20216,22389,9667,11320,25282,46451,3042,26226,241831624
4863:17,302,866,650,518,224,226,138,301
4870:302,654,616,58,17,29,8,861,84,51845
4875:58,542,654,616,224,554,1403,238,1511,11962021
4889:616,58,654,302,8,518,70,15,650,94342
4894:698,736,4880,616,564,2200,124,58,65,119117
4898:
4910:302,654,58,616,84,29,8,354,542,1562
4919:17,616,58,364,654,15,245,554,61,11961089
4926:58,650,84,508,61,15,542,518,94,364698
4934:1002,4755,17,508,1352,500,245,710,76,2548698
4935:302,17,654,76,616,58,8,866,84
4944:301,17,947,45,168,429,719,353,1002
4946:302,17,654,76,616,58,8,866,84
4949:
4951:1205,2917,698,1410,4991,29458,931,70,1147,36431136
4956:58,84,654,616,1102,322,17,3101,226,5541555
4961:650,1126,624,8,4967,402,114,787,616,3641603
4984:301,81,8,947,45,168,429,719,353
4986:725,1405,1139,1403,358,518,101,1568,521,44143599
4991:
4992:16,702,1021,1220,1801,2063,2338,3482,3539,82469
4998:58,17,302,542,518,861,29,15,650,84932
5001:542,61,17,58,650,302,554,616,518,32
5002:6503,15921,8660,17,24608,302,8,409,19871,138891690
5006:363,861,302,554,76,62,29,654,616,588384
5007:
5011:3548,698,34773,96,8167,3878,19551,25271,30861,314534456
5015:17,616,15,302,654,518,8,58,4268,542431
5018:302,17,654,76,616,58,8,866,84
5031:302,654,58,861,518,84,564,542,508,1012018
5039:301,8,947,45,168,429,719,353,1002
5040:17,518,542,616,15,103,58,322,564,6545857
5047:322,61,616,5514,29,2831,2200,119,654,66011
5048:58,62,564,736,1065,245,302,162,289,18046011
5079:356,616,32,58,61,542,1804,1245,1578,4181322
5086:616,364,1023,70,81,508,101,363,17,3879354
5088:616,58,1196,289,302,542,17,554,650,364698
5089:17,302,654,58,616,29,76,650,84,5422233
5090:33941,30472,57521,59017,41570,91608,99952,13408,117859,12161073
5097:17,508,302,616,542,76,8,654,70,32962
5107:787,35469,73010,361,254,354,358,1471,1050,9106656
5108:17,76,81,70,616,58,8,226,654,508347
5119:285,3017,670,855,1405,10790,690,554,1471,108593158
5120:4346,5963,11226,866,12714,18222,18350,815,23223,61773158
5129:301,947,45,168,429,719,353,1002,953
5147:238,8,3323,518,301,1276,58,861,224,1558385
5148:
5176:730,17,1611,2785,3885,2326,4609,1555,4712,71861168
5180:
5188:736,378,1539,3704,718,6503,699,7006,3855
5202:
5207:47534,29017,58113,33239,28,84,6855,2059,14193,5219726
5208:17,518,101,564,554,61,787,1023,84,2454702
5214:4499,70,76,5533,931,16764,1412,60667,518,3784702
5217:17,302,616,654,15,58,6,32,542,518245
5247:518,1046,1196,902,656,61,101,32,17,9991089
5271:1525,6035,16935,21097,26217,26538,36535,37610,5150,449201460
5276:20744,37455,47134,36752,32280,58142,20963,19929,1623,75731460
5279:302,17,58,101,8,564,94,736,15,28948
5288:302,654,58,8,616,518,84,289,354,7872602
5294:17,302,866,650,518,224,226,138,301
5299:1086,58,356,61,15,3101,650,322,245,6542030
5300:302,17,654,76,616,58,8,866,84
5306:354,654,616,289,58,1245,1511,3065,1050,182490
5307:
5309:16852,26067,1050,2755,61628,6258,8054,103,22136,407772139
5323:901,409,273,3855,15573,16347,301,15,17,825862139
5325:224,8,669,262,873,947,1410,901,931
5329:1551,13408,1495,15020,6304,358,33155,26312,535,42944908
5335:302,654,616,58,8,1102,29,518,354,761913
5358:17,302,616,654,58,8,76,518,84,5421119
5361:6030,17,322,13704,2338,1476,2065,6598,12860,5985430
5364:1992,21442,24655,67430,34127,24885,35877,16646,2512,352836759
5378:364,302,508,61,2185,62,902,8,422,16143704
5385:16,702,1021,1220,1801,2063,2338,3482,3539,84904
5387:1535,1196,650,3144,224,356,322,1086,3101,11401551
5397:616,84,29,354,1102,76,8,518,301,6505084
5398:302,17,654,76,616,58,8,866,84
5403:1960,238,1231,654,962,490,10181,1196,1804,6501468
5425:17,302,654,616,518,15,542,8,84,5542302
5433:654,58,224,29,616,84,354,70,76,8
5434:17,616,302,363,654,70,6,226,58,325767
5435:17,616,654,58,1102,101,289,508,542,6502953
5436:654,302,8,354,76,736,616,899,301,289932
5438:302,17,654,76,616,58,8,866,84
5449:81,17,76,616,654,302,564,650,58,70902
5455:32,17,654,650,245,61,564,58,1196,10231382
5456:302,17,654,76,616,58,8,866,84
5458:710,1744,441,1002,2715,1065,5287,2917,3976
5462:61,8,518,58,1405,508,32,654,245,1573
5472:81,70,226,262,873,986,1535,780,1276
5474:508,84,8,1511,101,32,2166,554,518,11961578
5477:947,718,3855,342,1091,5048,2215,3864,7457
5478:698,2139,1119,409,378,45,2265,953,2935
5479:302,301,17,654,76,616,58,8,866
5480:58,616,542,518,61,32,554,354,322,7871764
5499:81,70,226,262,873,986,1535,780,1276
5500:224,262,873,947,1410,901,931,669,780
5502:17,518,8,654,302,58,616,650,199,140351168
5512:615,631,757,508,449,167,2429,2655,1603,1960262
5527:302,654,616,58,8,84,29,542,76,151039
5529:17,302,8,866,650,518,224,226,138
5530:624,285,1595,2326,3313,1578,542,1181,1196,564840
5535:179,1099,1987,262,388,1023,656,554,873,651685
5536:302,224,8,17,654,76,616,58,866
5542:326,1542,8,1458,7006,678,518,1342,946,21664292
5551:302,58,61,654,542,32,616,564,101,84032
5562:17,302,616,58,84,542,15,29,354,6501086
5580:61,1102,1832,650,1549,364,66,15,1511,14031462
5584:224,301,262,873,947,1410,901,931,669
5601:1196,1511,542,518,17,302,32,58,8,364946
5611:320,295,1770,2800,3292,1820,343,4699,5142,49962153
5632:2831,101,32,17,3101,162,61,364,1804,1146157
5640:76,654,58,17,698,1970,190,2139,302,5646157
5644:669,500,947,409,378,931,45,1187,398
5645:17,76,616,70,736,302,564,8,1023,5082140
5656:616,58,518,302,61,564,654,15,322,542827
5666:3448,236,564,32741,6673,4203,7795,776,313,8442486
5683:301,947,45,168,429,719,353,1002,953
5691:
5696:17,8,15,616,61,654,508,84,542,584996
5702:542,1403,1832,114,364,101,999,289,363,133262
5707:4755,1352,5287,1527,2880,189,4825,1712,10041
5717:669,947,409,378,931,45,1187,398,353
5718:17,302,654,361,84,29,58,70,616,1381089
5721:301,669,947,1276,225,2955,1539,385,1402
5722:302,17,654,76,616,58,8,866,84
5741:58,616,650,94,8,289,15,224,787,5421326
5765:4685,1245,1578,66,4904,58,364,5000,564,32248
5766:6906,42870,16964,9662,20416,10950,1176,9095,51980,135548
5780:2429,1960,289,301,245,965,5320,11,4422,10861065
5784:302,616,58,17,542,15,554,654,62,14031561
5788:3591,1730,18709,41373,28577,719,47847,74483,17
5798:616,518,32,302,554,1410,656,17,138,588384
5803:8,15,61,542,32,285,861,76,29,5644413
5817:615,631,757,508,449,167,2429,2655,1603,19601410
5822:302,17,654,76,616,58,8,866,84
5834:3439,654,301,1549,17,508,692,483,518,14442657
5858:984,9874,1147,5480,168,2370,3083,3698,14593,8775575
5863:10084,5512,16343,1790,736,27983,14259,8,49643,14685575
5864:508,302,616,84,32,17,61,2193,861,736392
5865:698,2139,1119,409,378,45,2265,953,2935
5866:301,947,45,168,429,719,353,1002,953
5876:185,245,60347,4487,4268,1410,24738,16514,18359,6423463
5884:302,17,654,76,616,58,8,866,84
5890:17,363,650,285,224,542,302,674,4414,15113158
5891:
5892:301,8,947,45,168,429,719,353,1002
5894:301,947,45,168,429,719,353,1002,953
5896:301,947,45,168,429,719,353,1002,953
5904:698,2139,1119,409,378,45,2265,953,2935
5905:17,84,518,302,616,654,58,1102,101,6501190
5922:302,654,58,1102,8,29,518,76,650,7368213
5923:518,17,616,58,542,654,61,32,787,302262
5943:17,616,302,58,654,542,8,518,29,650710
5947:10860,39828,22192,353,554,41071,20261,32709,65522,136832609
5956:356,66,902,1245,58,101,114,1046,564,14033484
5964:616,1509,1804,4374,1332,32,1511,62,45,6543288
5978:4146,70,2857,6117,6901,9043,8769,704,16658,16771196
5990:20732,14565,14920,3632,87258,20350,245,17,813,18871685
5994:301,947,45,168,429,719,353,1002,953
6001:2370,574,2153,13997,661,984,135,5557,2155,1013510
6002:11044,1578,4919,2266,245,5604,3144,103,7446,501696
6013:5956,18293,12435,12236,1878,3265,15,167,11234,7446696
6018:518,17,1403,353,32,245,61,364,542,5643088
6020:5053,18975,1992,11358,23622,23230,698,66271,20855,5383088
6027:40390,24968,11209,56243,3657,58,27293,24259,84,605801097
6031:302,17,654,76,616,58,8,866,84
6062:76,81,698,245,17,564,650,616,873,21393429
6067:17,654,1187,84,363,302,48,224,1410,35411
6073:17,58,29,616,84,1102,650,8,354,767624
6076:302,58,1196,15,3101,1393,542,3711,654,81101
6078:8,3704,6503,9289,189,7680,3172,3737,5048
6083:17,616,654,302,58,15,542,8,518,29441
6093:654,29,58,8,301,138,616,736,361,518875
6109:302,322,518,17,101,654,245,131,15,6161231
6110:17,616,1410,76,564,508,8,1471,2139,581231
6118:207,285,1731,1074,2539,3086,624,3521,3857,178640
6128:84,8,1102,354,650,76,518,138,542,61001
6135:224,736,301,262,873,947,1410,901,931
6137:302,58,289,8,542,15,32,518,61,354353
6139:17,302,654,616,8,1102,518,58,354,1011344
6140:17,616,302,58,654,542,650,409,564,518946
6145:13186,1761,29,2030,1119,1202,17424,1405,28140,113497946
6146:
6155:710,302,1744,441,1002,2715,1065,5287,2917
6161:6,3634,9190,10342,11641,10734,13388,2934,18162,182208873
6162:61,616,302,654,15,32,17,542,364,554690
6164:81,70,226,262,873,986,1535,780,1276
6179:669,947,409,378,931,45,1187,398,353
6186:17,616,15,542,654,1511,101,2030,302,14031220
6192:84,4833,119,508,1152,1451,1405,114,2200,30175857
6202:8213,224,262,873,947,1410,901,931,669
6205:17,302,654,354,29,58,84,616,650,701685
6207:616,302,654,58,8,518,15,84,564,2892703
6210:61,1102,364,564,1009,62,224,542,1804,5181050
6219:4755,1352,5287,1527,2880,189,4825,1712,10041
6228:302,58,15,542,564,554,76,84,508,61736
6270:302,17,654,76,616,58,8,866,84
6271:654,616,58,15,322,101,62,84,162,8402
6274:698,17,2139,1119,409,378,45,2265,953
6283:654,302,58,616,76,84,29,354,542,84880
6290:616,654,17,542,58,1196,61,861,289,5644880
6292:245,17,94,15,616,61,508,103,8,841762
6298:1786,714,873,2429,6451,58,673,542,616,736888
6301:616,542,15,84,32,554,285,1196,650,944453
6312:
6331:81,70,226,262,873,986,1535,780,1276
6336:17,654,616,1535,902,65,94,787,8,1013599
6338:138,1155,1217,2157,3463,3477,4003,3873,3965,46642185
6345:508,8,518,1276,2233,45,61,5117,1050,5421476
6351:6387,22856,1877,262,77590,1913,698,8384,48061,196265517
6357:61,58,616,654,518,402,1196,285,564,3221424
6371:17,61,654,564,15,861,650,162,616,11963142
6391:
6392:42,354,1109,194,6207,645,2265,138,5048,3584372
6395:301,4755,947,45,168,429,719,353,1002
6404:168,984,5480,7994,15949,2833,9783,1326,1400,88602172
6407:81,70,226,262,873,986,1535,780,1276
6413:44,302,17,168,224,1682,81,1326,1460,654402
6420:301,17,947,45,168,429,719,353,1002
6450:61,1762,358,2181,1102,4181,564,15,1511,5421730
6457:17,302,76,30143,102509,111731,398,23602,44315,144701825
6469:302,17,654,76,650,1535,94,616,354,291825
6475:302,17,654,76,616,58,8,866,84
6520:
6536:
6543:58,554,61,616,654,542,861,15,17,1196947
6555:58,654,616,8,354,15,138,861,554,650546
6565:27071,37522,22006,8439,1883,80053,29737,17,46041,60951194
6568:2548,840,8069,157,5048,3196,197,10541,5111
6569:736,378,1539,3704,718,6503,699,7006,3855
6587:1116,1744,3697,5564,8071,8698,11966,748,12372,5407710
6593:58,616,17,861,15,32,84,1196,6,29568
6594:17,302,84,654,48,354,1187,29,616,76167
6597:787,1344,103,1050,999,119,62,167,322,612140
6600:81,226,17,70,564,508,76,302,138,6165767
6601:17,654,302,76,238,58,542,1344,866,705767
6602:30436,3453,10500,21063,28122,6520,14814,76,26844,191525767
6603:301,947,45,168,429,719,353,1002,953
6641:302,17,654,76,616,58,8,866,84
6642:302,58,29,8,101,518,616,15,84,28970
6655:17,302,84,546,508,58,1102,1511,354,51830
6658:564,866,508,288,361,4967,131,542,2369,108630
6671:9266,27122,81,35381,2134,1749,17376,68334,60311,47498888
6676:564,654,302,3841,518,17,616,4173,15,1011382
6682:84,58,616,8,650,76,138,301,866,518748
6694:6432,36868,27741,4386,31969,36887,88297,89916,90937,7048748
6698:301,17,947,45,168,429,719,353,1002
6723:301,947,45,168,429,719,353,1002,953
6724:17,616,302,15,518,238,226,8,245,94303
6725:302,710,17,654,76,616,58,8,866
6728:17,302,866,650,518,224,226,138,301
6735:542,616,15,17,58,61,564,285,1086,15351561
6736:302,17,654,76,616,58,8,866,84
6737:17,654,302,15,616,58,76,245,787,6144
6749:301,947,45,168,429,719,353,1002,953
6755:17,1102,302,8,654,518,616,58,354,293
6773:616,301,8,518,564,542,6,101,285,152200
6792:17,302,654,58,8,518,29,101,650,3541913
6793:654,616,354,245,1102,58,564,61,101,5181730
6843:302,17,654,76,616,58,8,866,84
6851:293,326,970,1185,1288,1542,2524,2682,4537,4782138
6881:17,500,616,76,6491,508,564,58,8,226673
6883:17,654,58,616,302,224,8,518,15,245645
6886:58,1196,650,94,616,363,32,61,564,2852715
6889:245,518,654,1119,84,302,58,564,8,765292
6894:
6895:2139,254,8218,866,546,709,1763,5465,20467,1649119
6898:654,17,616,302,70,650,508,58,15,84021
6903:17,302,654,354,29,58,84,616,70,138932
6932:17,302,866,650,518,224,226,138,301
6933:302,17,654,76,616,58,8,866,84
6935:
6939:615,631,757,508,449,167,2429,2655,1603,19601332
6948:8,301,81,70,226,669,262,787,873
6950:302,17,654,76,616,58,8,866,84
6958:957,4326,866,16676,2528,8,17,70,650,1133653250
6960:698,2139,1119,409,378,45,2265,953,2935
6966:669,947,409,378,931,45,1187,398,353
6977:473,9902,12876,73688,9348,17458,46673,47726,355,348991682
6982:2845,1344,47429,361,7507,15141,13347,5550,13705,8974875
6983:
6984:5990,7565,9622,10448,11286,11796,12238,5731,13712,140952715
6992:774,245,17,1827,2714,1744,2403,3506,2715,441861
7005:17,302,866,650,518,224,226,138,301
7019:245,8,518,32,65,1987,17,15,508,15111231
7027:
7034:1549,364,188,826,65,285,363,1009,673,15288
7035:1196,15,8,508,61,787,285,1511,289,15092193
7036:17,302,654,58,84,616,354,70,29,762609
7044:654,302,84,301,616,70,518,8,58,762265
7053:301,947,45,168,429,719,353,1002,953
7059:46445,92744,9395,54384,6256,984,661,25073,2318,8860226
7069:
7077:224,301,262,873,947,1410,901,931,669
7096:
7112:224,8,262,873,947,1410,901,931,669
7116:1002,3275,4763,6584,2991,10060,10193,2100,11754,121197407
7118:15,616,554,162,508,3101,787,2233,2369,2895287
7133:58,616,8,518,564,650,84,787,542,15301
7137:7082,23213,4943,15202,8563,52245,70580,39684,26165,
7140:17,84,518,302,616,654,58,1102,101,650500
7159:654,302,101,542,226,518,94,15,301,2851555
7173:18525,1119,7841,58,654,17,698,1057,23333,360702265
7178:6057,31647,302,33580,2375,363,62842,63619,116,2684919
7183:245,61,1196,15,356,1086,4181,32,554,20301046
7184:669,224,8,947,409,378,931,45,1187
7188:
7192:201,4025,15,61,353,62,1344,285,1086,3631762
7196:302,17,654,76,616,58,8,866,84
7203:669,947,409,378,931,45,1187,398,353
7214:2658,1002,7910,1708,2302,131,9572,774,427,4292481
7224:8,518,17,616,564,654,61,15,364,6504249
7225:
7230:
7232:890,2139,10039,5097,247,17,1068,317,7080,262961009
7239:17,616,302,654,58,15,518,564,8,101718
7242:669,947,409,378,931,45,1187,398,353
7254:58624,103841,17,698,866,650,518,224,226
7268:17,616,84,542,15,162,76,861,8,650209
7291:301,947,45,168,429,719,353,1002,953
7294:289,29,654,1511,101,32,554,518,755,176759
7299:1603,2076,289,1896,3730,86,1772,1245,5523,12311550
7303:5287,8,224,3855,2675,5122,12508,415,11488
7326:616,302,58,654,76,8,542,84,518,5643730
7340:15238,11579,56166,5670,890,3568,1730,10039,4743,709593730
7346:301,17,947,45,168,429,719,353,1002
7348:302,17,654,76,616,58,8,866,84
7351:17,302,866,650,518,224,226,138,301
7356:301,17,947,45,168,429,719,353,1002
7366:58,616,8,654,1102,564,354,301,650,5182223
7367:5287,698,3142,1595,5048,848,3003,11008,2593
7383:20327,493,648,2414,4649,4735,7171,8018,8224,95082223
7397:17,58,302,654,61,554,1196,542,162,292223
7410:81,70,226,262,873,986,1535,780,1276
7414:775,19687,19877,6278,37780,10657,17743,13350,980,48814375
7419:301,947,45,168,429,719,353,1002,953
7429:8,302,81,70,226,301,669,262,787
7433:616,654,302,58,8,650,84,542,518,291568
7444:8772,17249,7209,1048,29344,30777,31159,1787,4707,3614268
7451:69,1917,38690,1617,12495,17944,93408,1790,285,15513757
7461:17,302,654,616,564,58,650,8,84,7364364
7466:17,1951,245,2268,518,616,8,15,364,584372
7467:302,17,654,76,616,58,8,866,84
7488:58,616,302,322,542,1196,15,650,564,861813
7489:8,224,301,81,70,226,669,262,787
7517:3378,186,22713,10178,11408,216,15660,13192,2097,587381126
7518:302,17,654,76,616,58,8,866,84
7519:8,61,518,245,542,402,1023,787,1405,1511986
7527:20300,245,39395,33882,1524,774,353,8398,17,63084986
7542:1326,45388,3709,760,19962,8860,17186,7225,2155,18895986
7555:11976,39066,47388,28417,78217,10079,117659,17920,4339,1435353
7556:698,2139,1119,409,378,45,2265,953,2935
7558:301,947,45,168,429,719,353,1002,953
7563:58,84,616,354,8,650,138,76,6,30145
7572:301,947,45,168,429,719,353,1002,953
7586:301,947,45,168,429,719,353,1002,953
7590:564,736,302,84,289,542,787,363,6,654211
7603:58,542,616,162,654,364,302,62,1196,32322
7605:542,8,616,245,1196,364,302,518,15,6503223
7607:44115,13511,905,30188,964,107603,302,17,654
7608:302,654,58,8,616,354,518,138,736,301834
7612:616,17,654,58,302,8,542,650,84,761126
7617:17,1119,37236,46650,2641,654,755,302,76
7637:302,17,654,76,616,58,8,866,84
7657:17,2848,866,650,518,224,226,138,301
7661:1468,1382,1140,564,245,4414,616,947,656,3661
7678:4755,1352,5287,1527,2880,189,4825,1712,10041
7682:47276,7836,15556,289,1012,1462,3216,17,28527,1011002
7692:40390,2266,24968,11209,3657,27293,60580,56243,84,17643313
7699:
7707:616,84,1102,29,301,542,8,518,15,761069
7708:2848,8,1097,610,4262,3534,10039,7556,2406
7713:29,654,58,84,8,301,1023,354,1344,3631690
7734:89664,224,302,17,262,873,947,1410,901
7741:302,17,15,1196,84,861,542,285,8,518140
7742:4174,2542,15370,12440,10247,13458,29,322,1313,736378
7743:615,631,757,508,449,167,2429,2655,1603,19602618
7751:654,58,616,15,61,285,32,76,518,322472
7760:15931,21903,68700,15064,38546,72988,188,39551,47852,87667892
7766:11499,43500,118281,1208,6624,18230,76,21504,12033,82919892
7787:17,131,518,616,302,8,654,58,15,65510
7813:302,17,654,76,616,58,8,866,84
7818:616,17,654,58,302,542,8,902,84,32780
7823:224,301,262,873,947,1410,901,931,669
7825:17,508,1023,70,302,1382,1644,354,76,81685
7833:
7841:61,32,58,8,518,289,861,787,302,76813
7844:2427,16819,34839,322,60636,62435,22192,2032,1212,958811389
7850:615,631,757,508,449,167,2429,2655,1603,1960675
7863:402,654,650,61,1578,58,616,162,3680,14513429
7869:669,947,409,378,931,45,1187,398,353
7888:1196,1511,542,1245,356,17,194,58,1535,611444
7889:226,17,81,70,76,508,564,302,616,138422
7894:
7903:5048,3307,5145,2048,98,4600,6774,9127,13894
7915:564,17,616,302,542,94,285,101,61,58952
7921:10503,17,81,8454,76,27291,840,5767,899,6054487
7945:168,8860,5480,801,463,1400,2642,2153,661,55574487
7946:245,3162,3730,402,101,1405,518,1276,17,6163213
7949:136,554,5407,2583,9088,116,155,675,101,614453
7951:616,58,322,15,84,8,518,542,32,3541205
7958:
7962:61,32,8,564,1196,29,289,650,245,14031267
7964:984,168,661,719,760,13567,135,1081,5557,26421277
7967:565,2510,453,53369,219,364,4880,518,8772,152041277
7969:17,302,654,58,616,76,29,84,8,3547869
7975:302,654,58,84,616,8,29,76,1102,6502318
7976:302,17,654,76,616,58,8,866,84
7977:302,654,84,58,616,8,29,866,76,1102331
7981:3378,6790,7241,39267,2762,483,22078,2503,68239,48851331
7990:17,616,8,654,364,564,245,58,76,152848
8002:710,1744,441,1002,2715,1065,5287,2917,3976
8008:
8009:17,58,302,654,518,542,15,8,61,8614996
8023:302,17,654,76,616,58,8,866,84
8032:
8036:301,947,45,168,429,719,353,1002,953
8054:
8065:61,114,32,58,542,518,1046,1578,902,4023101
8068:10048,538,24655,18452,21640,8574,7450,11358,28945,37463101
8069:774,1524,3207,3506,970,245,947,4487,899,48463
8081:58,302,354,76,361,29,84,32,15,1623144
8090:58,84,616,15,8,285,650,518,354,1011362
8097:75,2418,2031,10836,7546,17968,6793,12874,925,10622
8103:1091,3509,5048,7457,4547,17974,24848,26191,16881
8104:
8130:65,8,518,119,327,364,245,1126,564,1031539
8134:8331,57519,105057,546,5739,9689,11207,194,702,1458873
8137:15,508,3101,61,285,364,101,2369,642,72574021
8141:17,518,508,8,656,1023,58,616,1405,841539
8144:17,302,654,616,564,58,650,8,84,7369354
8150:61,8,17,32,15,787,736,518,999,3224919
8159:508,17,226,15,8,834,542,301,5767,1403610
8161:77681,54240,8357,17,8,866,650,518,224
8163:17,654,302,354,76,29,58,84,616,703423
8184:17,81,302,654,780,616,8,58,70,500262
8186:615,631,757,508,449,167,2429,2655,1603,1960296
8200:654,302,84,58,29,616,1102,8,301,866364
8206:302,669,17,654,76,616,58,8,866
8217:17,58,402,518,289,787,8,32,15,654348
8224:496,650,564,518,94,616,736,4414,508,1050533
8225:774,2696,1524,3506,245,17,4487,947,899,4963288
8227:17,245,518,8,1267,32,542,61,616,4798910
8229:76,1102,4181,1196,364,493,62,1511,542,1804559
8245:
8263:
8264:302,81,17,654,76,616,58,8,866
8270:302,17,654,76,616,58,8,866,84
8276:17,58,616,15,542,8,650,84,564,941196
8285:17,654,58,616,302,542,518,61,364,8422
8286:17,302,654,58,616,29,76,650,8,151539
8287:698,2139,1119,409,378,45,2265,953,2935
8290:17,302,654,29,58,84,70,76,8,3543288
8310:669,947,409,378,931,45,1187,398,353
8314:301,698,669,947,1276,225,2955,1539,385
8325:654,302,58,17,29,650,616,1196,394,162193
8326:714,1348,654,542,245,551,103,2935,616,49662
8334:17,654,58,616,302,29,15,8,542,841086
8336:17,301,866,650,518,224,226,138,361
8343:17,302,866,650,518,224,226,138,301
8347:616,8,29,518,861,650,15,101,354,289495
8352:5567,1987,500,616,1405,1508,15,564,736,111578
8368:17,654,616,302,29,542,84,8,518,151561
8380:301,947,45,168,429,719,353,1002,953
8396:302,17,654,76,616,58,8,866,84
8401:302,654,58,361,84,354,616,1102,76,138168
8406:101,58,616,15,861,17,654,289,542,285533
8411:17,302,866,650,518,224,226,138,301
8413:17,409,302,616,15,58,542,32,650,8
8435:
8449:4755,1352,5287,1527,2880,189,4825,1712,10041
8450:1686,13266,37804,1711,18803,12393,31648,42942,45031,1550273
8476:302,58,654,29,17,616,356,650,518,542273
8477:
8491:81,224,70,226,262,873,986,1535,780
8499:17,616,8,245,654,61,508,302,564,518787
8500:224,5287,301,262,873,947,1410,901,931
8510:1822,616,472,2597,61,518,402,302,245,7491866
8513:285,245,616,76,65,1410,564,17,3017,656449
8517:57092,29782,25041,4015,8754,11164,236,19066,1930,302209
8530:302,58,17,84,1567,101,2868,394,3223,554188
8531:58,302,542,8,787,32,322,94,15,61
8534:398,4941,11641,2447,4126,5598,11644,16155,37386,382994
8536:654,17,15,542,245,4268,32,6,4967,6576
8537:17,518,861,1102,84,58,101,302,554,54276
8552:
8569:4755,1352,5287,1527,2880,189,4825,1712,10041
8578:500,1539,1131,1957,22,699,7624,814,3661
8581:302,17,698,654,76,616,58,8,866
8582:542,518,8,15,1102,285,101,650,289,3547869
8600:17,302,8,84,654,616,873,70,65,5644755
8603:947,17,84,787,1023,866,8,2302,302,11023288
8635:17,866,302,654,58,616,76,29,84,354802
8636:2528,8783,28389,6901,1651,4906,12388,2857,26437,720254
8637:
8644:616,58,162,17,302,542,1578,6,61,32314372
8651:2162,302,84,875,654,1119,70,354,245,947813
8660:76,2030,285,673,2429,162,15,542,1403,843213
8670:81,70,226,262,873,986,1535,780,1276
8681:302,61,518,94,32,542,654,1403,356,6502266
8692:81,70,226,262,873,986,1535,780,1276
8711:
8717:
8718:4877,3083,5953,3698,175,1251,10832,14593,984,8771804
8719:654,616,58,84,8,29,354,564,518,1381102
8735:4228,4864,18386,26871,29914,55674,2252,668,5368,29802
8736:6491,6127,500,32616,245,11671,18239,1987,899,482021
8746:61,542,302,1511,32,62,787,58,518,6162618
8747:302,616,354,58,654,84,650,1023,1102,5421050
8755:301,947,45,168,429,719,353,1002,953
8760:616,302,654,58,17,15,8,650,518,1013423
8765:
8768:
8771:302,17,654,76,616,58,8,866,84
8774:1116,1744,3697,5564,748,12372,6582,5407,6868,19454710
8782:168,719,1400,463,5480,5557,1460,8860,2153,1528718
8788:302,17,654,76,616,58,8,866,84
8789:
8790:247,7793,11563,17567,45956,1344,3471,1551,16158,255941508
8802:302,654,616,8,29,518,354,289,101,6501402
8810:
8812:2204,226,1749,2379,140,780,3423,4194,2967,508296
8822:6503,8725,5048,9210,3207,30605,24848,22533,10842
8825:302,17,654,76,616,58,8,866,84
8844:2121,302,13449,84,1109,285,518,873,182,224422
8850:4755,1527,3107,2880,10041,1712,3172,378,4825,508946
8852:17,70,616,76,302,654,58,81,138,84205
8862:17,84,302,8,616,654,518,899,245,583757
8863:542,302,554,1196,58,654,114,861,61,7875767
8868:17,8,654,518,736,302,616,508,131,32254
8870:17,58,616,29,8,518,354,138,76,7361462
8872:518,61,17,542,8,32,3313,1196,787,1034755
8877:654,285,564,1405,245,363,1987,15,5117,764453
8889:
8890:1344,2139,226,3162,5767,542,332,5292,302,35991127
8900:62,654,58,402,61,364,32,3101,1578,152059
8906:616,388,1023,15,714,289,4288,650,564,7804372
8912:17,302,654,616,138,76,58,84,8,354378
8913:2548,5111,840,157,5627,10541,8934,15772,197,10997378
8915:17,58,654,508,518,94,1102,301,542,3022583
8916:17,302,866,650,518,224,226,138,301
8920:
8924:535,61,1023,2831,1744,899,58,363,245,302642
8931:3730,483,2901,1220,1410,7166,32,1212,518,1276962
8935:207,285,1731,1074,2539,3086,624,3521,3857,1786591
8936:54180,40588,6306,89051,736,8,17,3704,6503
8958:654,616,302,58,29,15,8,84,542,5181527
8984:301,81,669,947,1276,225,2955,1539,385
9000:17,302,616,8,518,1102,29,542,15,1382139
9001:4797,16127,1951,353,2268,94,6417,1043,12993,47366931
9013:285,17,654,616,302,58,62,29,15,3221187
9024:861,356,17,616,302,1086,650,542,32,564254
9079:17,61,1535,654,542,616,302,861,58,151086
9085:616,194,4967,650,364,1987,1535,1403,363,67592848
9096:4755,736,1352,5287,1527,2880,189,4825,1712
9098:301,947,45,168,429,719,353,1002,953
9106:302,654,84,58,616,8,29,76,1102,3545542
9111:46031,21902,236,194,398,34632,62,564,76,156761595
9122:302,17,58,861,84,542,650,8,76,15546
9128:58,616,15,654,61,356,1196,861,542,811
9135:302,17,654,76,616,58,8,866,84
9141:4755,1352,5287,1527,2880,189,4825,1712,10041
9152:61,15,542,518,616,654,787,32,8,3631287
9155:17,58,654,302,8,542,861,15,564,843757
9157:669,947,409,378,931,45,1187,398,353
9158:4292,40,3717,4357,1371,11,119,8384,55222,29734364
9159:353,245,616,15,518,32,61,1126,1405,174364
9160:189,10041,1527,2880,3107,17,4825,3172,378,508490
9161:984,1326,8860,760,1400,719,1013,10267,801,6617407
9171:17,302,301,866,650,518,224,226,138
9173:17,302,866,650,518,224,226,138,301
9200:4621,14671,3787,52378,16407,26541,27781,70182,14628,210771476
9224:17,1382,302,508,8,70,616,354,84,6542139
9225:17,8,866,650,518,224,226,138,301
9233:500,1539,1131,1957,22,699,7624,814,3661
9236:1023,3915,7006,14554,1458,2302,1930,103,10695,81866
9237:245,61,15,29,1086,510,84,508,1196,761001
9238:616,302,654,8,650,58,518,542,84,15361
9245:11129,25222,2575,17264,2820,25667,90299,422,7648,18062944
9249:17,518,84,8,616,1405,58,245,902,6543234
9256:8,616,518,58,302,245,654,1102,32,7872185
9276:285,84,58,654,518,245,650,616,45,152185
9288:302,654,58,616,289,1405,518,542,15,321881
9290:669,224,8,301,947,409,378,931,45
9291:1196,564,542,1046,61,32,238,1624,1578,4021804
9310:616,302,17,654,58,542,1196,861,15,611205
9312:15,616,654,518,58,245,32,8,1511,3021444
9313:542,616,17,999,8,245,103,564,61,582068
9331:224,301,262,873,947,1410,901,931,669
9333:
9350:616,654,302,17,8,58,650,518,289,736
9357:9760,83385,80021,7585,986,20184,17,8,866
9359:616,542,302,58,518,654,564,554,1196,321499
9364:542,17,58,61,15,564,285,1332,616,621951
9368:19631,16484,25601,30980,8873,3291,60740,680,80322,264211951
9369:662,2402,2634,2833,3721,4792,3379,236,298,8933138
9371:302,654,518,616,301,29,58,138,94,245155
9381:1913,22856,22507,62347,5214,31633,48061,2848,50384,26519155
9389:6,18077,7194,32076,39645,7560,322,72606,2939,63225155
9394:654,616,58,84,8,518,542,76,15,29511
9400:5711,8604,4181,409,542,1804,356,1444,211,26554453
9402:224,301,262,873,947,1410,901,931,669
9420:302,542,61,58,616,245,15,84,654,5184328
9431:302,736,17,654,76,616,58,8,866
9432:17,654,302,616,8,58,354,301,518,29901
9433:327,2495,29473,29656,36382,36494,25107,71022,23891,1957901
9437:10787,14524,5053,8574,14890,20855,76,45160,18975,48016866
9442:140,780,1749,262,5767,6108,226,1888,13544,85112880
9443:245,1086,8,654,1511,1405,32,3313,1276,2233535
9451:302,58,84,8,616,29,1102,15,285,6501357
9473:4755,1352,5287,1527,2880,189,4825,1712,10041
9474:500,1539,1131,1957,22,699,7624,814,3661
9486:8213,224,8,301,669,262,873,947,1410
9487:16,702,1021,1220,1801,2063,2338,3482,3539,81744
9489:17,654,650,61,15,542,322,58,616,94481
9494:
9498:
9499:654,17,616,58,302,542,61,15,289,1013235
9500:17,76,616,302,654,58,8,542,736,5181050
9507:2172,4538,2955,224,20297,2641,1551,10046,25010,288091131
9514:1989,19244,36401,45791,63098,9961,85292,23317,17
9525:17,616,518,245,8,1023,364,1987,363,942618
9528:302,224,17,654,76,616,58,8,866
9531:262,35368,27438,23283,840,3704,947,8981,31773,505312715
9535:349,101,483,58,8,394,834,240,1970,15351866
9538:508,542,302,564,17,902,650,1578,554,1511496
9541:301,563,3966,2268,669,18868,1195,23162,26441,521496
9553:16056,3288,6207,901,1970,1732,27420,4148,5112,288496
9568:7622,7334,2543,12861,311,1011,19152,203,17486,22152275
9570:564,17,518,616,736,302,354,238,542,762935
9571:3661,24130,31835,36268,23191,33632,1464,3280,18200,467312935
9573:4,698,14524,11358,23622,41385,10787,538,18975,5962696
9576:
9580:302,17,654,76,616,58,8,866,84
9590:61,17,58,542,302,787,518,245,554,11968873
9593:17,302,866,650,518,224,226,138,301
9606:
9612:58,616,302,518,564,8,15,289,322,301612
9613:1127,4338,3666,262,650,131,3711,27745,13448,1359353
9614:81,70,226,262,873,986,1535,780,1276
9630:5480,984,8860,10267,14226,7711,661,1124,5557,20123250
9665:17,58,84,29,8,650,518,542,736,8616
9666:398,11644,9629,13388,302,2447,17,4719,861,18971002
9668:6539,3231,2618,19439,23406,422,1086,333,49080,77633730
9680:302,17,654,616,58,29,650,8,84,542262
9685:17,654,58,616,302,542,518,61,364,82275
9693:616,654,32,17,61,15,564,322,58,94511
9694:302,17,654,76,616,58,8,866,84
9696:224,301,262,873,947,1410,901,931,669
9711:6720,6432,36868,36887,88297,7048,18422,223,5567,277411567
9722:3093,1752,4364,674,7739,97,1511,12217,10217,174062185
9727:224,301,262,873,947,1410,901,931,669
9742:17,302,76,616,654,58,8,29,236,841352
9745:1535,61,1196,3144,859,285,15,542,322,1086946
9752:224,669,8,262,873,947,1410,901,931
9753:3141,1195,891,1594,109,302,14560,1163,10256,4725292
9755:654,17,58,616,29,8,650,542,84,6327
9757:59623,21879,3966,301,48361,23599,4692,7557,9526,11186254
9786:358,116,84,8,1410,32,554,616,15,5001462
9808:17,61,15,616,542,654,32,8,302,4021462
9810:8213,224,262,873,947,1410,901,931,669
9812:302,58,84,616,29,8,518,354,289,1102692
9813:17,103,245,1987,8,65,518,61,616,1311152
9818:
9820:302,17,654,76,616,58,8,866,84
9824:2347,16332,4513,4421,1205,5122,3618,3976,4194,149552512
9827:654,4697,518,17,616,94,542,736,302,564470
9831:14593,135,8860,984,5738,38251,5480,463,574,253934187
9834:616,17,302,58,654,542,8,787,15,1014187
9837:654,616,17,29,84,542,1102,6,15,5182967
9839:731,8769,81,659,1475,998,1200,1023,1344,646612
9840:17,4487,518,245,1703,353,616,1410,4268,1405612
9864:654,4025,285,4536,402,1476,7806,3,616,12172464
9879:1945,873,5553,19488,967,14330,2140,1208,1276,438124880
9890:302,58,654,17,8,861,15,84,554,1196431
9891:654,58,8,616,29,354,518,76,138,736103
9892:8,81,70,226,301,669,262,787,873
9896:508,449,2429,2655,1603,238,5367,2076,289,55424194
9899:866,302,654,354,29,84,76,58,616,301999
9900:302,5287,17,654,76,616,58,8,866
9911:616,84,17,654,7744,1196,1405,302,1382,137912018
9926:302,654,84,58,8,518,29,650,354,7364487
9927:61,356,518,114,1511,1804,32,1046,1578,162610
9929:302,616,654,58,8,84,76,518,542,291476
9944:301,669,947,1276,225,2955,1539,385,1402
9945:224,698,262,873,947,1410,901,931,669
9946:
9961:669,301,947,409,378,931,45,1187,398
9984:29024,45073,46837,74617,96683,5819,12550,32618,34007,6161152
10030:518,101,84,4813,97,32,29,356,650,154414
10040:1326,168,238,984,5480,1460,1790,65,801,40714414
10050:669,947,409,378,931,45,1187,398,353
10051:409,35144,654,45,6450,48,1187,899,875,9021220
10073:1140,52,17,7578,4996,10012,58,1089,616,654726
10078:
10082:1405,32,7006,76,654,245,124,902,508,15352609
10084:698,669,224,8,2139,1119,409,378,45
10086:17,302,29,654,564,61,518,15,84,582464
10088:698,2139,1119,409,378,45,2265,953,2935
10090:2139,890,17,40,4743,76,564,500,866,48806011
10110:654,15,616,302,542,58,8,554,289,5186011
10111:353,1987,245,1382,2955,4268,2302,1050,7910,5424025
10115:182,8,245,97,1245,224,17975,9581,2162,11274025
10117:17,302,542,654,61,1196,616,518,554,58402
10130:
10132:616,302,787,58,564,654,238,364,17,5425292
10133:6503,8725,5048,9210,3207,30605,24848,22533,10842
10136:9722,17,29021,3006,409,12532,1499,902,190,24294372
10140:12484,27583,26316,402,27391,31373,430,155,16634,15501102
10148:719,8860,984,5480,574,1326,801,135,1400,15281102
10155:542,518,58,8,508,1744,1511,1825,17,7871749
10156:301,947,45,168,429,719,353,1002,953
10194:302,8,654,616,58,354,736,301,29,1012868
10196:616,15,58,542,322,94,6,302,8,32431
10200:774,2403,2696,1524,970,3506,245,17,947,899361
10210:13388,3180,2447,4941,24211,10342,11641,11644,4126,25499188
10233:301,224,947,45,168,429,719,353,1002
10235:32965,40831,42203,10882,6320,60256,64639,11847,71422,842202944
10236:35486,65107,33195,115745,2377,13568,605,49842,92484,984232944
10237:17,302,654,58,616,8,518,354,101,736358
10249:138,656,1462,273,2013,787,9726,925,542,41436358
10254:654,17,302,58,616,29,542,84,6,6501023
10267:616,354,518,94,736,8,564,76,15,153565
10275:301,302,947,45,168,429,719,353,1002
10276:58,564,542,302,1624,861,61,1196,650,3641332
10279:17,302,866,650,518,224,226,138,301
10302:285,101,15,616,518,1348,554,76,58,5641930
10303:301,669,947,1276,225,2955,1539,385,1402
10304:654,3,755,1535,354,193,58,302,239,29798229
10306:17,32,650,787,616,238,654,15,402,2851549
10313:17,654,616,58,302,8,542,61,564,941126
10317:84,302,518,654,8,616,58,787,1102,2891208
10335:
10339:61,32,94,654,15,616,542,245,58,1013288
10342:508,449,167,2429,1960,5542,401,86,7231,483273
10346:224,262,873,947,1410,901,931,669,780
10359:302,17,654,76,616,58,8,866,84
10364:17,542,616,8,1196,32,902,654,564,8261039
10366:61,15,787,654,58,861,1511,1196,999,364407
10371:698,17,2139,1119,409,378,45,2265,953
10377:302,17,654,76,616,58,8,866,84
10378:301,947,45,168,429,719,353,1002,953
10387:224,8,262,873,947,1410,901,931,669
10388:615,631,757,449,167,2429,2655,1603,1960,35881102
10392:
10408:8213,224,2548,262,873,947,1410,901,931
10420:1888,94,736,787,1551,508,2375,1187,1267,7182464
10427:302,17,654,76,616,58,8,866,84
10439:84,29,8,354,76,301,518,650,138,62059
10445:
10454:17,124,616,1023,70,302,654,58,15,3635567
10471:2469,1050,483,8,2193,1511,554,1140,3233,964463
10478:302,17,654,76,616,58,8,866,84
10479:301,947,45,168,429,719,353,1002,953
10480:58,654,17,542,302,518,15,285,554,8614032
10488:302,654,616,58,84,29,8,76,1102,5181709
10502:301,669,947,45,168,429,719,353,1002
10513:4307,4322,4963,5749,813,7578,9452,10507,9288,12448673
10523:710,1744,441,1002,2715,1065,5287,2917,3976
10543:496,353,4198,774,94,7548,5552,826,13895,15424493
10554:
10563:899,302,84,654,8,518,70,736,616,24576
10564:615,631,757,508,449,167,2429,2655,1603,1960947
10570:616,58,542,554,650,15,861,17,859,1140211
10573:669,8,224,947,409,378,931,45,1187
10580:19871,6503,17567,10492,3372,247,1382,2031,302,5522211
10636:654,302,616,84,354,1102,29,8,289,762657
10655:17,302,8,654,301,84,58,616,518,11022953
10691:17,542,616,364,15,61,654,58,103,518296
10693:17,654,302,84,8,29,76,518,564,8614453
10698:302,654,17,58,650,861,29,15,542,83101
10707:302,17,698,654,76,616,58,8,866
10710:616,94,58,518,8,289,650,564,787,151405
10726:69494,22655,103120,888,13570,61,219,1703,12512,6501405
10747:301,947,45,168,429,719,353,1002,953
10758:17,8,542,58,654,518,101,302,616,84931
10770:669,947,409,378,931,45,1187,398,353
10779:302,17,654,76,616,58,8,866,84
10794:616,302,17,654,58,861,650,8,84,5429354
10801:76,650,616,698,17,58,787,1344,358,5641362
10807:1382,947,103,17,245,518,322,230,32,94521
10820:17,58,302,5303,1050,3393,485,32433,1822,6541462
10842:224,669,17,301,262,873,947,1410,901
10843:58,17,15,654,61,616,302,6,542,94932
10844:2265,109,18113,30,2789,41447,59622,105574,31633,811932
10845:8,3704,6503,9289,189,7680,3172,3737,5048
10854:500,669,301,1539,1131,1957,22,699,7624
10858:302,17,654,76,616,58,8,866,84
10871:17,302,58,654,616,45,29,650,8,54266
10892:9318,11861,674,1703,6,17,65,2162,4252,35866
10905:
10908:1405,2200,7407,226,65,84,616,1102,518,1065330
10913:22926,12869,20118,77433,17998,12306,47214,49843,840,1347422
10920:518,4967,61,787,616,58,1535,3233,1578,11961344
10955:302,17,654,76,616,58,8,866,84
10956:84,302,518,616,654,58,1102,101,76,3541550
10968:616,17,654,58,302,542,564,8,518,8616450
10991:17,866,650,518,224,226,138,301,361
10999:138,508,5542,4904,859,2181,17,1102,4181,2382464
11000:81,70,226,262,873,986,1535,780,1276
11022:616,302,542,15,58,518,787,76,245,61803
11034:17,654,58,29,518,84,564,76,8,15875
11037:669,947,409,378,931,45,1187,398,353
11047:17,1359,6243,1127,8,15,616,654,302,2588470
11055:
11099:58,1196,542,654,616,61,17,1239,302,841624
11105:508,301,8,1511,3313,2166,518,755,61,511754
11110:10016,54534,44,70705,73793,88561,18931,54976,2245,35854
11118:19050,14612,3137,27788,1991,32331,26000,43864,377,29042868
11132:245,710,1002,2548,518,4268,131,508,17,82868
11134:17,8,70,616,76,245,81,302,58,564840
11135:17,654,518,616,302,58,289,8,61,101131
11149:302,654,8,58,616,518,354,138,301,736875
11150:669,947,409,378,931,45,1187,398,353
11193:8213,8,224,301,81,70,226,669,262
11211:993,2809,6522,3288,5775,3043,10322,2857,11820,55944702
11222:224,262,873,947,1410,901,931,669,780
11228:710,1744,441,1002,2715,1065,5287,2917,3976
11240:
11259:
11264:17,29,616,58,356,1511,61,495,182,13575084
11273:84,616,58,29,1102,650,76,301,138,1530
11278:17,302,654,58,616,29,650,8,76,842953
11279:301,8,947,45,168,429,719,353,1002
11280:
11287:302,654,616,58,8,564,518,1102,650,508199
11332:31188,168,33019,55777,65242,74854,85124,9752,98337,100792199
11360:
11363:17,866,58,542,70,302,787,654,616,761136
11378:17,8,866,650,518,224,226,138,301
11388:4267,43418,34115,51943,23839,12362,6207,1239,8873,8616759
11394:396,756,1309,2070,2255,2302,3171,4250,4860,57614021
11404:17,654,616,58,302,518,542,84,101,154021
11414:17,302,654,6,616,138,301,58,61,5421951
11418:301,947,45,168,429,719,353,1002,953
11419:17,302,866,650,518,224,226,138,301
11426:302,17,654,76,616,58,8,866,84
11427:698,81,2139,1119,409,378,45,2265,953
11428:302,17,654,84,8,58,542,1102,787,6624
11431:
11437:
11439:301,669,947,1276,225,2955,1539,385,1402
11444:17,654,58,616,29,84,518,8,542,151305
11458:14220,17800,7809,47000,24893,9716,658,3223,616,8611305
11462:931,1987,542,3976,472,2955,1410,2194,674,710358
11463:542,58,15,32,61,101,787,508,76,1535774
11484:542,17,15,364,61,58,1196,564,616,4025542
11507:17,616,654,302,58,542,650,1023,518,81220
11510:302,17,654,76,616,58,8,866,84
11511:
11525:16,702,1021,1220,1801,2063,2338,3482,3539,8888
11529:302,17,654,76,616,58,8,866,84
11535:518,285,302,58,1332,29,1744,76,861,616219
11537:17,866,8,650,518,224,226,138,301
11538:32,58,616,61,564,542,554,1535,322,761220
11540:5048,5145,2048,98,4600,6774,9127,13894,741
11552:302,654,84,58,616,8,29,76,1102,354675
11554:736,378,1539,3704,718,6503,699,7006,3855
11558:301,947,45,168,429,719,353,1002,953
11569:61,15,32,1086,650,245,542,1196,554,291460
11584:17,302,654,542,15,861,8,1196,62,5181460
11586:285,1287,245,254,13522,2429,58,9929,26886,5112953
11603:301,302,947,45,168,429,719,353,1002
11606:654,58,15,564,84,554,542,650,518,612024
11614:4719,37507,9388,5598,2447,398,11247,301,24211,2361086
11616:1403,364,1196,542,17,1549,1140,2018,224,941866
11651:17,302,650,224,58,654,1140,76,289,7361866
11657:17,84,8,616,483,654,518,58,101,612200
11660:17,58,84,616,354,650,8,6,138,76254
11670:518,8,17,15507,84,1412,2570,295,813,59982464
11676:81,70,226,262,873,986,1535,780,1276
11685:654,616,542,302,2429,289,483,29,84,1017210
11699:301,17,947,45,168,429,719,353,1002
11700:302,654,58,616,76,84,29,8,354,11022024
11716:302,654,84,58,616,8,29,1102,354,761140
11719:295,787,546,8,94,5407,1402,2265,5117,4224372
11723:518,8,2257,5998,13171,14556,1622,18663,18711,204434372
11738:17,8,616,302,1102,58,654,650,518,542236
11749:224,81,262,873,947,1410,901,931,669
11775:302,17,654,76,616,58,8,866,84
11781:616,58,15,1196,787,61,17,1245,1578,323231
11788:17,76,564,302,654,901,616,354,698,704967
11795:207,285,1731,1074,2539,3086,624,3521,3857,17862021
11799:
11818:17,654,616,58,84,787,302,322,518,101140
11825:17,70,616,76,302,654,58,81,138,3546503
11835:58,17,76,29,616,542,564,6,861,61483
11836:135,168,1326,2103,378,10267,352,1069,719,1400483
11838:16011,33984,35501,35973,49645,57210,57418,57649,53636,65699612
11839:10345,10046,49696,23676,52411,223,394,72022,77465,84183612
11843:710,1744,441,1002,2715,1065,5287,2917,3976
11844:51436,79048,33681,23356,224,1456,24820,29618,128,35313311
11847:710,1744,441,1002,2715,1065,5287,2917,3976
11851:301,947,45,168,429,719,353,1002,953
11856:226,1888,7211,2967,780,4048,500,3819,508,1023591
11863:
11864:
11865:17,302,542,616,564,15,58,518,245,285155
11883:8,81,70,226,301,669,262,787,873
11884:301,947,45,168,429,719,353,1002,953
11885:710,1744,441,1002,2715,1065,5287,2917,3976
11892:4114,2784,6627,7454,6690,9222,14677,14914,16283,16951483
11893:17,302,654,616,58,76,84,70,8,65542
11896:
11910:486,15,354,518,496,736,654,1382,616,2162803
11913:17,302,654,616,58,84,70,354,29,76353
11922:17,654,302,616,29,84,650,8,76,2892626
11928:17,616,58,302,654,224,650,8,518,761402
11929:654,542,8,650,508,564,15,84,61,2853484
11939:302,1091,17,654,76,616,58,8,866
11956:654,616,518,84,8,650,542,29,861,761231
11962:81,76,17,40,2139,508,262,564,1682,5424187
11968:17,302,866,650,518,224,226,138,301
11972:302,17,654,76,616,58,8,866,84
11979:76,654,65,226,866,546,542,616,124,4025542
11983:302,17,654,76,616,58,8,866,84
11988:616,542,285,518,1511,1196,302,289,4414,6548873
11990:301,24848,947,45,168,429,719,353,1002
11996:6503,8725,5048,9210,3207,30605,24848,22533,10842
11999:710,1744,441,1002,2715,1065,5287,2917,3976
12008:58,15,616,1196,32,17,654,542,302,8615575
12010:1987,686,5234,5627,10464,1013,1145,17577,20451,7602139
12011:76,8052,696,302,114,690,985,486,542,45899
12027:302,17,616,654,58,564,8,650,861,841412
12028:654,15,8,101,84,542,32,861,564,1621527
12037:302,654,859,32,356,15,285,84,61,322596
12047:17,8,518,616,2139,654,508,302,58,78754
12050:322,542,17,654,616,508,554,15,518,101999
12067:1651,4146,2528,12093,76,24647,28389,45287,16658,11653718
12084:654,17,15,861,61,1196,564,29,554,11402342
12094:301,224,947,45,168,429,719,353,1002
12130:302,17,654,76,616,58,8,866,84
12170:17,302,654,616,564,58,650,8,84,7362139
12199:790,8,21813,650,17,10408,873,27340,36085,8912139
12211:6901,16658,1651,10692,8783,2528,12093,6117,76,23543088
12213:5739,826,13207,1973,1558,3081,9864,13835,60295,339503088
12232:17,654,302,15,8,542,84,61,29,861273
12234:654,17,15,8,32,58,787,1382,518,616146
12235:302,17,58,6,650,94,1937,1102,542,486146
12237:10291,17,20288,30139,2337,4008,224,182,1050,2251690
12239:
12263:15,103,4422,1126,2955,61,402,2115,2200,13822193
12268:58,650,12023,1804,302,554,1344,508,17219,169952618
12271:17,81,76,70,616,8,58,226,654,5083824
12272:542,103,787,58,616,327,61,15,564,17698
12296:302,8,17,654,76,616,58,866,84
12310:17,616,1050,508,61,364,564,15,736,323017
12327:1535,58,616,1196,861,224,654,138,650,14242153
12328:899,17,302,84,2162,654,875,354,138,11191277
12356:17,8,302,654,245,947,354,508,518,10233039
12360:17,302,866,650,518,224,226,138,301
12364:58,654,302,518,8,15,76,289,542,84273
12373:23051,10305,57734,14890,21640,76877,15547,40,24655,74296901
12375:302,301,17,654,76,616,58,8,866
12376:22218,1930,76972,17,2549,17448,924,1592,947,44531685
12379:65,327,508,17,119,1287,1405,5567,511,32510
12406:698,17,2139,1119,409,378,45,2265,953
12416:302,17,654,76,616,58,8,866,84
12428:
12433:2618,2868,15,4813,518,302,8,3,1476,1126330
12443:17,518,245,1405,8,616,32,2200,3233,402546
12453:302,654,1102,8,354,616,58,518,29,736719
12464:17,616,302,654,8,58,542,76,225,650209
12467:8,81,70,226,301,669,262,787,873
12474:17,8,654,84,518,302,616,1102,354,58901
12480:199,654,736,86,5998,5987,560,16412,10709,239992955
12496:33720,33683,2924,13878,16433,22510,2744,15937,36443,659381405
12498:
12505:10600,40609,41640,24848,18086,9029,57575,58390,146,3851405
12512:654,58,616,84,15,542,8,101,61,5181276
12531:17,654,58,542,616,861,302,1196,518,2383235
12532:93074,5282,17,9354,8,866,650,518,224
12533:224,61,45,58,564,1924,1140,182,226,8612848
12534:678,20096,18370,29546,33008,3683,50937,51633,33138,358822848
12536:17,302,616,58,84,518,29,1102,76,1011508
12540:302,17,654,76,616,58,8,866,84
12541:17,302,654,354,29,226,138,84,616,763223
12544:167,1960,238,289,1896,2538,10869,5542,12360,86331
12549:17,302,654,354,29,76,84,58,616,704996
12552:17,518,616,8,542,654,58,84,564,245330
12555:17,698,866,650,518,224,226,138,301
12556:17,1102,302,8,654,518,616,58,354,291180
12559:4101,496,19118,472,2731,40326,819,44716,13772,609861344
12562:12637,9354,88524,48208,64,67574,42440,3041,10246,1043911344
12564:15,542,616,861,58,101,61,289,1511,564908
12568:17,302,866,650,518,224,226,138,301
12573:17,616,654,58,302,15,542,650,84,8518
12587:302,17,654,76,616,58,8,866,84
12595:
12601:8,508,301,4456,3730,483,245,84,36085,899673
12604:1196,302,1535,518,285,3101,61,564,1023,32238
12616:11644,9629,398,2447,17,24211,238,4941,5598,14964
12622:66,322,29,17,302,654,736,859,2687,61871
12628:301,947,45,168,429,719,353,1002,953
12630:302,17,654,76,616,58,8,866,84
12642:17,654,616,15,518,322,8,564,289,322937
12660:58,616,542,554,17,654,302,1196,238,5642937
12662:14092,59585,16496,31555,33160,103,60833,56318,61,69816511
12663:654,363,470,564,8,262,6,518,9239,14841254
12669:302,616,654,58,17,29,162,84,1102,62254
12676:1460,2337,698,1143,17990,336,50550,75173,98443,691734967
12700:710,1744,441,1002,2715,1065,5287,2917,3976
12701:17,84,616,302,654,58,1102,101,542,5642626
12723:8213,224,710,262,873,947,1410,901,931
12725:74587,1023,1458,1539,3288,8514,1832,50840,1510,32343704
12739:2832,24464,29912,2492,56304,93499,105698,1112,28790,120392326
12753:17,302,866,650,518,224,226,138,301
12754:301,947,45,168,429,719,353,1002,953
12761:70,2139,254,8384,1763,2638,3761,8993,786,11498430
12766:81,70,226,262,873,986,1535,780,1276
12767:669,947,409,378,931,45,1187,398,353
12773:2194,5165,69111,34184,55267,1326,16993,826,27333,89571790
12779:224,81,301,262,873,947,1410,901,931
12780:17,616,302,654,8,542,58,76,650,5183855
12794:76,327,542,1410,564,500,2342,1023,441,704487
12795:17,654,58,29,616,84,650,1102,8,765582
12796:76,17,6387,2848,616,361,2139,698,736,302375
12799:301,947,45,168,429,719,353,1002,953
